16
0.00038636458852171323
0.0003211946579276893
7.447992067888448e-05
0.0003305046480125499
0.00012568486614561756
0.00024671473724880485
0.0001815448066547809
0.0004189495538187252
3.723996033944224e-05
0.00013033986118804784
0.00033981463809741044
0.00041429455877629493
0.00030722967280039846
0.0002839546975882471
0.00021878476699422315
0.00040032957364900405
0.00020016478682450203
0.00035843461826713153
0.0003305046480125499
0.0003025746777579682
4.65499504243028e-06
0.000349124628182271
0.00014430484631533868
0.00044687952407330685
0.00041429455877629493
0.000316539662885259
0.00021412977195179288
3.723996033944224e-05
0.0001815448066547809
0.00010240989093346615
0.00040032957364900405
0.0002048197818669323
3.258496529701196e-05
9.30999008486056e-06
6.516993059402392e-05
0.0003305046480125499
0.00016757982152749008
0.0001815448066547809
6.051493555159364e-05
0.00019085479673964148
0.000316539662885259
3.723996033944224e-05
0.00032584965297011956
0.00033981463809741044
7.913491572131475e-05
0.0002979196827155379
2.32749752121514e-05
0.0002048197818669323
0.0004236045488611555
0.00026067972237609567
0.0004375695339884463
0.0001349948562304781
8.844490580617531e-05
0.0003723996033944224
2.7929970254581678e-05
2.32749752121514e-05
0.00029326468767310764
7.913491572131475e-05
0.00010706488597589644
0.0004236045488611555
0.00023740474716394427
0.0003630896133095618
0.0004189495538187252
0.000232749752121514
0.00041429455877629493
0.000232749752121514
2.32749752121514e-05
0.00040032957364900405
0.0002839546975882471
5.5859940509163356e-05
0.0004375695339884463
0.0003956745786065738
0.0002979196827155379
0.0004515345191157371
0.0004608445092005977
2.32749752121514e-05
6.051493555159364e-05
0.000465499504243028
4.189495538187252e-05
0.00022343976203665342
0.00028860969263067737
0.00022343976203665342
0.00013033986118804784
0.00012102987110318727
0.00033515964305498016
7.913491572131475e-05
0.00019550979178207175
0.00028860969263067737
0.0003723996033944224
0.00023740474716394427
0.0004189495538187252
3.723996033944224e-05
0.00010240989093346615
0.0004375695339884463
6.051493555159364e-05
0.00014430484631533868
0.00030722967280039846
0.0001349948562304781
0.0004189495538187252
4.65499504243028e-06
9.30999008486056e-05
7.913491572131475e-05
0.00014895984135776896
0.00026533471741852594
0.00024671473724880485
0.00014430484631533868
0.0004189495538187252
0.00015361483640019923
0.00024205974220637455
0.0003444696331398407
0.00031188466784282874
6.982492563645419e-05
0.00012568486614561756
0.00038170959347928296
0.00026067972237609567
0.000316539662885259
0.00026533471741852594
0.0003630896133095618
0.0004236045488611555
0.0004515345191157371
0.0004561895141581674
0.00033515964305498016
0.0002979196827155379
0.0003956745786065738
0.0004236045488611555
0.00019085479673964148
7.447992067888448e-05
0.00030722967280039846
7.913491572131475e-05
9.30999008486056e-06
0.00024205974220637455
0.0003444696331398407
0.0003723996033944224
0.0004608445092005977
0.000116374876060757
0.0002280947570790837
0.00017223481656992036
0.0002839546975882471
1.3964985127290839e-05
0.00010240989093346615
6.982492563645419e-05
5.1204945466733075e-05
0.0002560247273336654
0.00019550979178207175
3.723996033944224e-05
0.00017223481656992036
1.861998016972112e-05
0.00012568486614561756
0.00020016478682450203
0.00020016478682450203
0.000349124628182271
0.0003630896133095618
0.0002560247273336654
0.0003956745786065738
0.00024671473724880485
0.00010706488597589644
0.00040498456869143433
4.65499504243028e-05
3.723996033944224e-05
0.00028860969263067737
0.000349124628182271
0.00017688981161235063
0.00033515964305498016
0.00017223481656992036
0.00033515964305498016
0.0002513697322912351
2.32749752121514e-05
0.0002839546975882471
4.65499504243028e-05
0.0002094747769093626
7.447992067888448e-05
0.00031188466784282874
7.447992067888448e-05
8.378991076374504e-05
0.00012568486614561756
9.30999008486056e-05
0.0003305046480125499
0.00042825954390358575
1.861998016972112e-05
0.00016292482648505978
0.00031188466784282874
0.0003770545984368527
1.861998016972112e-05
2.7929970254581678e-05
8.378991076374504e-05
0.000349124628182271
0.00017688981161235063
0.00020016478682450203
0.00028860969263067737
0.00017223481656992036
0.0001349948562304781
0.0004189495538187252
0.0002839546975882471
0.00024205974220637455
0.0004236045488611555
0.00029326468767310764
0.00033515964305498016
8.378991076374504e-05
4.65499504243028e-06
3.723996033944224e-05
0.0004236045488611555
1.861998016972112e-05
0.00030722967280039846
0.00035843461826713153
0.00038636458852171323
0.0002280947570790837
3.258496529701196e-05
0.00010706488597589644
0.0002979196827155379
0.0002979196827155379
9.775489589103588e-05
0.000232749752121514
0.000232749752121514
1.861998016972112e-05
0.00044687952407330685
0.0003677446083519921
0.00019550979178207175
0.0004561895141581674
6.051493555159364e-05
9.30999008486056e-05
0.00014895984135776896
1.3964985127290839e-05
1.3964985127290839e-05
0.000349124628182271
0.00041429455877629493
2.7929970254581678e-05
0.00015361483640019923
0.00041429455877629493
0.0001861998016972112
5.1204945466733075e-05
1.861998016972112e-05
0.0004515345191157371
0.00030722967280039846
0.00022343976203665342
0.0001861998016972112
0.0002094747769093626
0.0004422245290308766
0.0002094747769093626
9.30999008486056e-06
0.0003444696331398407
0.0003630896133095618
5.1204945466733075e-05
0.0003723996033944224
0.0002094747769093626
0.00042825954390358575
0.00035377962322470126
4.189495538187252e-05
0.00028860969263067737
5.1204945466733075e-05
7.447992067888448e-05
0.00019550979178207175
0.00032584965297011956
0.00027929970254581677
3.723996033944224e-05
0.0003444696331398407
0.0003025746777579682