65
0.00038636458852171323
0.0003211946579276893
7.447992067888448e-05
0.0003305046480125499
0.00012568486614561756
0.00024671473724880485
0.0001815448066547809
0.0004189495538187252
3.723996033944224e-05
0.00013033986118804784
0.00033981463809741044
0.00041429455877629493
0.00030722967280039846
0.0002839546975882471
0.00021878476699422315
0.00040032957364900405
0.00020016478682450203
0.00035843461826713153
0.0003305046480125499
0.0003025746777579682
4.65499504243028e-06
0.000349124628182271
0.00014430484631533868
0.00044687952407330685
0.00041429455877629493
0.000316539662885259
0.00021412977195179288
3.723996033944224e-05
0.0001815448066547809
0.00010240989093346615
0.00040032957364900405
0.0002048197818669323
3.258496529701196e-05
9.30999008486056e-06
6.516993059402392e-05
0.0003305046480125499
0.00016757982152749008
0.0001815448066547809
6.051493555159364e-05
0.00019085479673964148
0.000316539662885259
3.723996033944224e-05
0.00032584965297011956
0.00033981463809741044
7.913491572131475e-05
0.0002979196827155379
2.32749752121514e-05
0.0002048197818669323
0.0004236045488611555
0.00026067972237609567
0.0004375695339884463
0.0001349948562304781
8.844490580617531e-05
0.0003723996033944224
2.7929970254581678e-05
2.32749752121514e-05
0.00029326468767310764
7.913491572131475e-05
0.00010706488597589644
0.0004236045488611555
0.00023740474716394427
0.0003630896133095618
0.0004189495538187252
0.000232749752121514
0.00041429455877629493
0.000232749752121514
2.32749752121514e-05
0.00040032957364900405
0.0002839546975882471
5.5859940509163356e-05
0.0004375695339884463
0.0003956745786065738
0.0002979196827155379
0.0004515345191157371
0.0004608445092005977
2.32749752121514e-05
6.051493555159364e-05
0.000465499504243028
4.189495538187252e-05
0.00022343976203665342
0.00028860969263067737
0.00022343976203665342
0.00013033986118804784
0.00012102987110318727
0.00033515964305498016
7.913491572131475e-05
0.00019550979178207175
0.00028860969263067737
0.0003723996033944224
0.00023740474716394427
0.0004189495538187252
3.723996033944224e-05
0.00010240989093346615
0.0004375695339884463
6.051493555159364e-05
0.00014430484631533868
0.00030722967280039846
0.0001349948562304781
0.0004189495538187252
4.65499504243028e-06
9.30999008486056e-05
7.913491572131475e-05
0.00014895984135776896
0.00026533471741852594
0.00024671473724880485
0.00014430484631533868
0.0004189495538187252
0.00015361483640019923
0.00024205974220637455
0.0003444696331398407
0.00031188466784282874
6.982492563645419e-05
0.00012568486614561756
0.00038170959347928296
0.00026067972237609567
0.000316539662885259
0.00026533471741852594
0.0003630896133095618
0.0004236045488611555
0.0004515345191157371
0.0004561895141581674
0.00033515964305498016
0.0002979196827155379
0.0003956745786065738
0.0004236045488611555
0.00019085479673964148
7.447992067888448e-05
0.00030722967280039846
7.913491572131475e-05
9.30999008486056e-06
0.00024205974220637455
0.0003444696331398407
0.0003723996033944224
0.0004608445092005977
0.000116374876060757
0.0002280947570790837
0.00017223481656992036
0.0002839546975882471
1.3964985127290839e-05
0.00010240989093346615
6.982492563645419e-05
5.1204945466733075e-05
0.0002560247273336654
0.00019550979178207175
3.723996033944224e-05
0.00017223481656992036
1.861998016972112e-05
0.00012568486614561756
0.00020016478682450203
0.00020016478682450203
0.000349124628182271
0.0003630896133095618
0.0002560247273336654
0.0003956745786065738
0.00024671473724880485
0.00010706488597589644
0.00040498456869143433
4.65499504243028e-05
3.723996033944224e-05
0.00028860969263067737
0.000349124628182271
0.00017688981161235063
0.00033515964305498016
0.00017223481656992036
0.00033515964305498016
0.0002513697322912351
2.32749752121514e-05
0.0002839546975882471
4.65499504243028e-05
0.0002094747769093626
7.447992067888448e-05
0.00031188466784282874
7.447992067888448e-05
8.378991076374504e-05
0.00012568486614561756
9.30999008486056e-05
0.0003305046480125499
0.00042825954390358575
1.861998016972112e-05
0.00016292482648505978
0.00031188466784282874
0.0003770545984368527
1.861998016972112e-05
2.7929970254581678e-05
8.378991076374504e-05
0.000349124628182271
0.00017688981161235063
0.00020016478682450203
0.00028860969263067737
0.00017223481656992036
0.0001349948562304781
0.0004189495538187252
0.0002839546975882471
0.00024205974220637455
0.0004236045488611555
0.00029326468767310764
0.00033515964305498016
8.378991076374504e-05
4.65499504243028e-06
3.723996033944224e-05
0.0004236045488611555
1.861998016972112e-05
0.00030722967280039846
0.00035843461826713153
0.00038636458852171323
0.0002280947570790837
3.258496529701196e-05
0.00010706488597589644
0.0002979196827155379
0.0002979196827155379
9.775489589103588e-05
0.000232749752121514
0.000232749752121514
1.861998016972112e-05
0.00044687952407330685
0.0003677446083519921
0.00019550979178207175
0.0004561895141581674
6.051493555159364e-05
9.30999008486056e-05
0.00014895984135776896
1.3964985127290839e-05
1.3964985127290839e-05
0.000349124628182271
0.00041429455877629493
2.7929970254581678e-05
0.00015361483640019923
0.00041429455877629493
0.0001861998016972112
5.1204945466733075e-05
1.861998016972112e-05
0.0004515345191157371
0.00030722967280039846
0.00022343976203665342
0.0001861998016972112
0.0002094747769093626
0.0004422245290308766
0.0002094747769093626
9.30999008486056e-06
0.0003444696331398407
0.0003630896133095618
5.1204945466733075e-05
0.0003723996033944224
0.0002094747769093626
0.00042825954390358575
0.00035377962322470126
4.189495538187252e-05
0.00028860969263067737
5.1204945466733075e-05
7.447992067888448e-05
0.00019550979178207175
0.00032584965297011956
0.00027929970254581677
3.723996033944224e-05
0.0003444696331398407
0.0003025746777579682
0.00030722967280039846
4.65499504243028e-06
0.00028860969263067737
0.00032584965297011956
0.000116374876060757
0.0002513697322912351
0.00038170959347928296
0.00024671473724880485
0.0001861998016972112
0.0001815448066547809
0.00042825954390358575
0.00030722967280039846
0.0002280947570790837
0.00016757982152749008
0.00030722967280039846
0.00012102987110318727
0.000349124628182271
0.0001349948562304781
0.00038170959347928296
8.844490580617531e-05
0.0002839546975882471
0.0001861998016972112
0.0004375695339884463
3.723996033944224e-05
0.00014895984135776896
0.0004236045488611555
5.5859940509163356e-05
0.00024671473724880485
0.0002048197818669323
0.000232749752121514
0.00031188466784282874
0.000232749752121514
0.00027929970254581677
0.00028860969263067737
7.447992067888448e-05
0.00012102987110318727
0.00029326468767310764
0.00040498456869143433
0.00010706488597589644
0.00027929970254581677
0.00010240989093346615
0.00044687952407330685
5.1204945466733075e-05
0.00035843461826713153
0.00038170959347928296
7.913491572131475e-05
0.0003910195835641435
0.0001349948562304781
0.0001861998016972112
0.0002746447075033865
0.0004096395637338646
0.00020016478682450203
0.0003723996033944224
6.516993059402392e-05
0.0004422245290308766
0.00040032957364900405
0.00015361483640019923
6.982492563645419e-05
2.7929970254581678e-05
0.00021412977195179288
0.0002699897124609562
0.0003211946579276893
0.000349124628182271
0.00012568486614561756
0.00041429455877629493
0.00040498456869143433
0.0004561895141581674
0.00017688981161235063
0.00024671473724880485
0.0003305046480125499
0.0004236045488611555
0.00013964985127290838
0.000232749752121514
0.00038170959347928296
9.30999008486056e-05
0.0003956745786065738
0.00014895984135776896
0.00032584965297011956
0.0004236045488611555
0.00035377962322470126
0.00013033986118804784
4.65499504243028e-05
0.00038636458852171323
0.0002513697322912351
6.051493555159364e-05
0.0001815448066547809
0.00038170959347928296
0.0003770545984368527
0.0002746447075033865
0.0001815448066547809
0.000349124628182271
0.00029326468767310764
0.00013964985127290838
0.0004096395637338646
0.000432914538946016
0.0003677446083519921
5.1204945466733075e-05
0.0003770545984368527
0.00013964985127290838
0.00026533471741852594
0.00033515964305498016
0.0002048197818669323
0.00016292482648505978
0.00019550979178207175
0.0001582698314426295
0.0001582698314426295
0.0002560247273336654
0.0001861998016972112
0.00012568486614561756
0.00013964985127290838
0.00041429455877629493
0.000232749752121514
8.844490580617531e-05
0.000349124628182271
0.00013033986118804784
0.0003305046480125499
0.00033981463809741044
0.0003630896133095618
0.00012102987110318727
0.0002280947570790837
0.00041429455877629493
0.00010706488597589644
0.00044687952407330685
5.1204945466733075e-05
0.00014895984135776896
9.30999008486056e-06
2.32749752121514e-05
0.0003211946579276893
0.0002048197818669323
0.0002513697322912351
0.000232749752121514
0.00030722967280039846
9.30999008486056e-05
0.00017223481656992036
0.0002699897124609562
4.65499504243028e-06
0.0004236045488611555
0.0001349948562304781
0.0003025746777579682
0.00012102987110318727
0.0002513697322912351
0.0004561895141581674
0.0002094747769093626
0.00042825954390358575
0.00044687952407330685
0.0004422245290308766
9.775489589103588e-05
6.516993059402392e-05
0.00032584965297011956
9.30999008486056e-06
4.65499504243028e-05
9.30999008486056e-05
8.844490580617531e-05
0.0001349948562304781
0.00017688981161235063
0.00038636458852171323
0.0003723996033944224
0.00010240989093346615
0.0004515345191157371
0.00035843461826713153
0.0003910195835641435
0.00017223481656992036
0.00024205974220637455
0.0004375695339884463
0.0004236045488611555
0.00014895984135776896
0.0002513697322912351
0.0003025746777579682
0.0002979196827155379
0.0004561895141581674
0.00026067972237609567
0.000116374876060757
3.258496529701196e-05
0.0003305046480125499
0.0001349948562304781
7.913491572131475e-05
0.0001582698314426295
0.00020016478682450203
0.00027929970254581677
6.051493555159364e-05
1.861998016972112e-05
0.00027929970254581677
0.0002280947570790837
1.3964985127290839e-05
0.00022343976203665342
0.00024205974220637455
0.00031188466784282874
0.0004422245290308766
9.775489589103588e-05
4.65499504243028e-06
0.00033515964305498016
0.00017688981161235063
0.00021412977195179288
0.00044687952407330685
0.0001815448066547809
0.0003305046480125499
0.0001861998016972112
0.00015361483640019923
6.051493555159364e-05
7.913491572131475e-05
0.00014430484631533868
4.189495538187252e-05
0.00019550979178207175
3.723996033944224e-05
0.000232749752121514
0.0003305046480125499
0.00027929970254581677
0.00019085479673964148
0.00016757982152749008
0.0004236045488611555
0.00012102987110318727
0.00010706488597589644
4.189495538187252e-05
8.378991076374504e-05
0.0001861998016972112
4.65499504243028e-05
0.00044687952407330685
0.00024671473724880485
0.0004515345191157371
0.0003305046480125499
0.00031188466784282874
0.0002048197818669323
0.0002094747769093626
9.30999008486056e-05
0.0003444696331398407
0.0003630896133095618
0.000465499504243028
0.00032584965297011956
8.844490580617531e-05
0.0002513697322912351
0.00022343976203665342
0.000465499504243028
0.00023740474716394427
0.000232749752121514
9.30999008486056e-05
0.00031188466784282874
0.0004515345191157371
0.0003305046480125499
0.0003677446083519921
0.000432914538946016
0.0003770545984368527
8.378991076374504e-05
0.0004375695339884463
0.00026533471741852594
0.0004515345191157371
0.0001349948562304781
0.00040498456869143433
0.00041429455877629493
0.0002560247273336654
0.00013033986118804784
4.189495538187252e-05
0.00021412977195179288
7.913491572131475e-05
0.00010706488597589644
0.00042825954390358575
5.5859940509163356e-05
0.0004515345191157371
8.378991076374504e-05
0.0003723996033944224
0.0003677446083519921
0.00033981463809741044
0.00035377962322470126
7.447992067888448e-05
0.00040032957364900405
0.00029326468767310764
0.0004236045488611555
0.0003677446083519921
6.051493555159364e-05
0.0003723996033944224
0.0002746447075033865
0.00028860969263067737
0.0001349948562304781
0.00012568486614561756
0.00024671473724880485
0.00010706488597589644
0.0004515345191157371
0.0001815448066547809
0.00019550979178207175
4.189495538187252e-05
0.0002280947570790837
0.0004561895141581674
0.00023740474716394427
3.258496529701196e-05
0.00024671473724880485
0.00028860969263067737
0.0004422245290308766
0.00033981463809741044
0.00032584965297011956
0.0001582698314426295
0.0003211946579276893
0.00033515964305498016
0.00021878476699422315
0.00014895984135776896
9.30999008486056e-06
0.000232749752121514
0.00026533471741852594
0.0002699897124609562
0.0002839546975882471
0.00038170959347928296
0.000465499504243028
0.00014895984135776896
0.0002094747769093626
0.000316539662885259
0.00015361483640019923
0.00042825954390358575
0.0003723996033944224
0.0004422245290308766
0.000316539662885259
0.00038636458852171323
0.00026533471741852594
0.00033981463809741044
0.000349124628182271
0.0003723996033944224
0.00013964985127290838
0.0002839546975882471
0.0003444696331398407
0.0003025746777579682
0.000116374876060757
5.5859940509163356e-05
0.00026533471741852594
0.00017688981161235063
0.00023740474716394427
0.00044687952407330685
0.0001582698314426295
0.00040032957364900405
0.00041429455877629493
4.189495538187252e-05
0.0002839546975882471
0.00016757982152749008
0.00028860969263067737
0.00038636458852171323
0.000116374876060757
0.00033515964305498016
0.0002048197818669323
9.30999008486056e-05
3.258496529701196e-05
0.00040498456869143433
0.0004422245290308766
0.00026067972237609567
0.00026067972237609567
0.00022343976203665342
0.0003770545984368527
0.0003956745786065738
0.00021878476699422315
0.00024205974220637455
0.000349124628182271
0.00020016478682450203
0.00015361483640019923
0.0003770545984368527
0.0001349948562304781
7.913491572131475e-05
0.00016292482648505978
0.00021412977195179288
0.00028860969263067737
0.0003723996033944224
1.861998016972112e-05
0.00033515964305498016
0.00010706488597589644
5.5859940509163356e-05
0.0002048197818669323
0.00038636458852171323
0.00028860969263067737
0.0004561895141581674
0.0004515345191157371
0.0004608445092005977
2.32749752121514e-05
0.00038170959347928296
0.00013964985127290838
6.051493555159364e-05
0.00010706488597589644
0.00026533471741852594
0.00031188466784282874
0.00024205974220637455
0.0001861998016972112
0.0002513697322912351
9.30999008486056e-06
0.0002979196827155379
0.0004096395637338646
0.00014895984135776896
0.00029326468767310764
0.000116374876060757
0.00010240989093346615
0.00023740474716394427
0.00024205974220637455
0.0003910195835641435
0.0004189495538187252
0.00026533471741852594
0.0002746447075033865
0.000116374876060757
6.051493555159364e-05
0.00017223481656992036
0.00027929970254581677
0.0001861998016972112
0.0001349948562304781
0.00021878476699422315
0.0003444696331398407
0.0003305046480125499
0.0002979196827155379
0.00016292482648505978
4.65499504243028e-06
0.00019085479673964148
0.00026533471741852594
1.861998016972112e-05
0.0004096395637338646
0.00024671473724880485
0.00028860969263067737
0.000465499504243028
0.0002699897124609562
7.913491572131475e-05
0.0002048197818669323
0.00013033986118804784
9.30999008486056e-06
0.00020016478682450203
6.516993059402392e-05
0.00038636458852171323
0.00026067972237609567
0.00027929970254581677
0.00035377962322470126
0.0003956745786065738
0.0004422245290308766
0.0003444696331398407
0.00019550979178207175
0.0004375695339884463
0.0004236045488611555
0.00014895984135776896
0.00019550979178207175
0.00010706488597589644
0.00010240989093346615
0.00022343976203665342
0.000432914538946016
5.1204945466733075e-05
2.7929970254581678e-05
1.861998016972112e-05
0.00012102987110318727
0.0004236045488611555
0.00010240989093346615
0.0002094747769093626
0.00042825954390358575
0.00033981463809741044
0.000349124628182271
0.0003677446083519921
0.0002513697322912351
0.00031188466784282874
0.00038170959347928296
0.0002979196827155379
0.0002048197818669323
0.00017223481656992036
0.00012102987110318727
0.00040032957364900405
0.00030722967280039846
0.00014895984135776896
0.0002560247273336654
0.000349124628182271
0.0002746447075033865
0.000232749752121514
0.00021878476699422315
0.0001349948562304781
1.861998016972112e-05
0.00038170959347928296
4.65499504243028e-05
0.00033981463809741044
0.00021878476699422315
0.0004561895141581674
0.00042825954390358575
6.982492563645419e-05
0.0002699897124609562
9.30999008486056e-05
0.0003770545984368527
0.00014895984135776896
0.0004515345191157371
0.0004375695339884463
0.0004422245290308766
0.0004422245290308766
0.00022343976203665342
0.0002699897124609562
0.00010706488597589644
0.0003630896133095618
4.189495538187252e-05
7.913491572131475e-05
0.0003956745786065738
0.00016292482648505978
0.0004608445092005977
0.0003211946579276893
0.00023740474716394427
0.0002048197818669323
3.258496529701196e-05
0.0003723996033944224
0.0002746447075033865
0.000432914538946016
0.00010706488597589644
1.861998016972112e-05
0.0004422245290308766
0.00038636458852171323
0.00012102987110318727
0.00031188466784282874
0.00033981463809741044
0.0004236045488611555
0.00033981463809741044
0.00011171988101832671
0.0003025746777579682
0.00012568486614561756
1.861998016972112e-05
6.516993059402392e-05
0.0004375695339884463
0.00010706488597589644
8.378991076374504e-05
0.0003025746777579682
0.0003770545984368527
0.0003956745786065738
0.0004096395637338646
0.00016757982152749008
3.723996033944224e-05
0.00030722967280039846
0.0004561895141581674
0.00028860969263067737
0.00033515964305498016
0.00026533471741852594
6.516993059402392e-05
0.00038170959347928296
0.0003211946579276893
0.0003630896133095618
0.0004375695339884463
3.258496529701196e-05
0.0001582698314426295
0.00024671473724880485
0.0004375695339884463
0.00030722967280039846
0.00019550979178207175
0.00023740474716394427
2.7929970254581678e-05
0.00023740474716394427
0.00028860969263067737
0.0003305046480125499
0.0004561895141581674
0.00038636458852171323
0.00026533471741852594
0.00038636458852171323
0.00016757982152749008
7.913491572131475e-05
0.00035843461826713153
0.00024671473724880485
0.0002560247273336654
0.00019550979178207175
0.00012102987110318727
0.00031188466784282874
5.1204945466733075e-05
0.0002699897124609562
0.0004422245290308766
0.00010240989093346615
0.00022343976203665342
0.0004561895141581674
0.00026533471741852594
0.00040498456869143433
0.00041429455877629493
0.00020016478682450203
0.00027929970254581677
0.000232749752121514
0.0002839546975882471
0.00016292482648505978
0.0002699897124609562
0.0004608445092005977
0.00014430484631533868
6.051493555159364e-05
0.0001582698314426295
0.0003444696331398407
0.00032584965297011956
0.0004608445092005977
0.0002094747769093626
2.32749752121514e-05
0.00038170959347928296
7.447992067888448e-05
0.000465499504243028
0.0003305046480125499
0.00029326468767310764
7.447992067888448e-05
1.3964985127290839e-05
0.0002280947570790837
0.00011171988101832671
0.00013964985127290838
0.00010706488597589644
0.0003956745786065738
0.00033515964305498016
0.000316539662885259
8.844490580617531e-05
8.378991076374504e-05
0.00026067972237609567
0.00030722967280039846
0.0002699897124609562
2.32749752121514e-05
4.189495538187252e-05
0.0002513697322912351
0.000432914538946016
0.00019085479673964148
0.00035377962322470126
0.0004515345191157371
0.0004096395637338646
0.0002094747769093626
9.30999008486056e-05
0.0004561895141581674
0.000465499504243028
0.00026533471741852594
0.0003723996033944224
0.00015361483640019923
0.00013033986118804784
0.00012102987110318727
0.00013033986118804784
0.0003025746777579682
0.00027929970254581677
0.0003305046480125499
7.913491572131475e-05
4.65499504243028e-06
0.00020016478682450203
8.844490580617531e-05
7.913491572131475e-05
0.00013033986118804784
0.00035843461826713153
0.0002513697322912351
0.00014895984135776896
1.861998016972112e-05
0.00020016478682450203
0.00014895984135776896
0.0001815448066547809
0.00013033986118804784
0.0004375695339884463
0.0001861998016972112
8.844490580617531e-05
0.00017688981161235063
0.00041429455877629493
0.00035843461826713153
0.0002699897124609562
0.00027929970254581677
0.0002699897124609562
0.0002839546975882471
0.0003677446083519921
1.861998016972112e-05
0.00035377962322470126
1.861998016972112e-05
0.00020016478682450203
0.0004422245290308766
0.0003770545984368527
0.00016292482648505978
3.723996033944224e-05
0.00019550979178207175
0.00019085479673964148
0.00016292482648505978
8.378991076374504e-05
6.051493555159364e-05
4.189495538187252e-05
0.0003211946579276893
0.00016757982152749008
0.0004236045488611555
0.00041429455877629493
0.00030722967280039846
0.0004561895141581674
5.5859940509163356e-05
0.0004375695339884463
0.00019550979178207175
0.0002746447075033865
0.000316539662885259
0.00033981463809741044
0.00032584965297011956
0.000316539662885259
0.00038636458852171323
0.0004375695339884463
0.00013033986118804784
0.00033515964305498016
0.00019550979178207175
0.00038636458852171323
0.00033981463809741044
0.000232749752121514
0.0004422245290308766
0.00020016478682450203
0.0004608445092005977
1.861998016972112e-05
0.0001861998016972112
9.775489589103588e-05
0.0003910195835641435
0.00038170959347928296
0.0003723996033944224
0.0004561895141581674
0.00024205974220637455
0.000232749752121514
0.00030722967280039846
0.000432914538946016
0.0003444696331398407
0.0004422245290308766
1.861998016972112e-05
4.189495538187252e-05
0.00026067972237609567
0.00012568486614561756
0.0004561895141581674
0.0003444696331398407
0.00032584965297011956
0.0004608445092005977
0.0004096395637338646
5.5859940509163356e-05
0.00010706488597589644
0.0002560247273336654
0.00023740474716394427
0.0002699897124609562
0.00014430484631533868
0.0004561895141581674
0.0004561895141581674
5.1204945466733075e-05
7.913491572131475e-05
0.00031188466784282874
0.00041429455877629493
0.0004236045488611555
0.00012568486614561756
0.00024205974220637455
9.30999008486056e-05
0.0002280947570790837
5.5859940509163356e-05
0.00023740474716394427
0.00032584965297011956
3.258496529701196e-05
0.00017688981161235063
0.000116374876060757
8.378991076374504e-05
0.0003956745786065738
0.0001861998016972112
0.00044687952407330685
0.0004515345191157371
6.051493555159364e-05
6.516993059402392e-05
0.0003677446083519921
0.00011171988101832671
9.30999008486056e-05
0.0002280947570790837
2.7929970254581678e-05
0.00012568486614561756
0.0003025746777579682
0.00026533471741852594
0.00040498456869143433
0.00030722967280039846
4.65499504243028e-05
0.0004422245290308766
0.00029326468767310764
0.00038636458852171323
0.00029326468767310764
0.00022343976203665342
0.00024671473724880485
0.00017223481656992036
0.00028860969263067737
0.0004561895141581674
0.00028860969263067737
0.0003677446083519921
8.378991076374504e-05
0.00014895984135776896
0.00028860969263067737
0.000316539662885259
0.00038170959347928296
0.00019550979178207175
0.0004096395637338646
0.00010706488597589644
3.723996033944224e-05
2.7929970254581678e-05
9.30999008486056e-05
8.844490580617531e-05
0.00019085479673964148
0.00028860969263067737
0.0002979196827155379
0.0003630896133095618
0.00038170959347928296
0.0002094747769093626
0.00022343976203665342
0.0003770545984368527
0.00014895984135776896
0.0004422245290308766
1.861998016972112e-05
0.00033515964305498016
0.0003025746777579682
9.30999008486056e-06
0.0003910195835641435
0.00029326468767310764
0.0004189495538187252
0.00040498456869143433
9.30999008486056e-06
0.00012102987110318727
0.0004236045488611555
0.00016292482648505978
0.0002979196827155379
0.0003444696331398407
0.0003770545984368527
9.30999008486056e-06
0.00022343976203665342
2.7929970254581678e-05
2.7929970254581678e-05
0.00010706488597589644
0.00033981463809741044
5.5859940509163356e-05
6.516993059402392e-05
7.447992067888448e-05
0.00022343976203665342
0.0004608445092005977
4.65499504243028e-06
0.0003444696331398407
0.00012102987110318727
3.258496529701196e-05
2.7929970254581678e-05
0.00014430484631533868
7.447992067888448e-05
0.000316539662885259
0.00014430484631533868
0.00033515964305498016
0.00030722967280039846
0.0004515345191157371
3.723996033944224e-05
0.00027929970254581677
0.00044687952407330685
0.00032584965297011956
9.30999008486056e-05
0.00012568486614561756
0.00044687952407330685
0.0003444696331398407
0.0003723996033944224
0.00024205974220637455
0.00029326468767310764
0.00024205974220637455
0.000316539662885259
0.0003211946579276893
0.00017688981161235063
0.0002560247273336654
4.65499504243028e-06
0.00011171988101832671
0.0001861998016972112
0.00030722967280039846
0.0004515345191157371
0.00026533471741852594
0.0002839546975882471
1.3964985127290839e-05
0.0001815448066547809
0.0001861998016972112
1.3964985127290839e-05
0.00011171988101832671
0.00011171988101832671
0.00023740474716394427
0.0003630896133095618
0.00015361483640019923
0.00020016478682450203
0.0001349948562304781
7.913491572131475e-05
0.00013033986118804784
0.0004422245290308766
0.00016757982152749008
0.00020016478682450203
2.7929970254581678e-05
8.844490580617531e-05
0.00011171988101832671
0.0003677446083519921
0.00044687952407330685
0.00016292482648505978
0.00012102987110318727
0.00021878476699422315
0.0003630896133095618
0.0004608445092005977
8.844490580617531e-05
0.00044687952407330685
0.000465499504243028
9.30999008486056e-05
9.30999008486056e-05
9.30999008486056e-06
0.0004608445092005977
0.00010706488597589644
0.0003956745786065738
0.00040498456869143433
8.378991076374504e-05
0.00013964985127290838
0.00016292482648505978
0.0002280947570790837
4.65499504243028e-06
6.516993059402392e-05
8.844490580617531e-05
0.00041429455877629493
0.0004561895141581674
0.0002699897124609562
0.00015361483640019923
0.00033981463809741044
0.0004608445092005977
0.00023740474716394427
0.00042825954390358575
0.0003910195835641435
0.00016757982152749008
1.861998016972112e-05
8.844490580617531e-05
0.00013964985127290838
0.0003956745786065738
0.000116374876060757
0.0001582698314426295
0.00017223481656992036
0.0003025746777579682
5.5859940509163356e-05
7.447992067888448e-05
0.00026067972237609567
2.32749752121514e-05
0.0003723996033944224
0.0003956745786065738
2.7929970254581678e-05
0.000316539662885259
0.00041429455877629493
0.00017688981161235063
0.0002699897124609562
0.00040032957364900405
0.00029326468767310764
8.844490580617531e-05
0.00017688981161235063
0.00015361483640019923
0.0002979196827155379
0.00016757982152749008
0.0003723996033944224
0.00010240989093346615
0.00024205974220637455
4.189495538187252e-05
0.000316539662885259
0.0003025746777579682
0.0004375695339884463
8.378991076374504e-05
0.00035843461826713153
1.861998016972112e-05
0.0004608445092005977
0.0002048197818669323
0.0001861998016972112
9.30999008486056e-05
8.378991076374504e-05
0.0004096395637338646
0.0004608445092005977
0.0004515345191157371
0.00028860969263067737
0.00040032957364900405
0.00014895984135776896
0.00031188466784282874
0.00023740474716394427
0.00032584965297011956
0.0004189495538187252
0.0004608445092005977
0.00013033986118804784
0.0002094747769093626
0.0001582698314426295
0.0003211946579276893
0.0002094747769093626
0.00014430484631533868
6.051493555159364e-05
0.00014895984135776896
0.00011171988101832671
0.0002513697322912351
0.00026533471741852594
9.30999008486056e-05
0.0003770545984368527
0.0004422245290308766
0.00038636458852171323
0.00035377962322470126
4.65499504243028e-05
0.00028860969263067737
0.00022343976203665342
8.378991076374504e-05
0.00027929970254581677
0.00042825954390358575
0.0004096395637338646
0.0004422245290308766
0.0003305046480125499
2.7929970254581678e-05
9.775489589103588e-05
0.0001349948562304781
0.0003956745786065738
0.00042825954390358575
0.0004515345191157371
0.000432914538946016
0.00012102987110318727
0.00026533471741852594
0.00016292482648505978
0.00017223481656992036
0.00029326468767310764
0.00011171988101832671
0.00044687952407330685
0.00010240989093346615
0.00033515964305498016
3.723996033944224e-05
0.00030722967280039846
0.0002979196827155379
0.00019550979178207175
0.00014430484631533868
0.00016292482648505978
0.0004189495538187252
0.000316539662885259
0.00019550979178207175
0.0003305046480125499
0.0004422245290308766
0.0004561895141581674
0.00030722967280039846
0.00042825954390358575
0.0004422245290308766
3.258496529701196e-05
0.000116374876060757
0.0003910195835641435
0.0003211946579276893
0.000432914538946016
0.00024205974220637455
0.00016292482648505978
0.00031188466784282874
0.0003444696331398407
0.00010240989093346615
4.189495538187252e-05
9.30999008486056e-05
0.00016292482648505978
0.0002048197818669323
2.7929970254581678e-05
3.258496529701196e-05
0.0003677446083519921
0.00044687952407330685
0.00022343976203665342
0.00010240989093346615
0.00021878476699422315
5.1204945466733075e-05
1.861998016972112e-05
0.0003677446083519921
0.00012102987110318727
0.00035843461826713153
0.000116374876060757
0.00011171988101832671
2.32749752121514e-05
0.00038636458852171323
0.0004375695339884463
0.00041429455877629493
0.00031188466784282874
0.0004096395637338646
0.00035843461826713153
0.0002839546975882471
0.00015361483640019923
0.00019550979178207175
0.00035843461826713153
6.051493555159364e-05
0.0002513697322912351
0.00023740474716394427
0.0002699897124609562
0.00040498456869143433
0.0004236045488611555
0.00021412977195179288
0.00031188466784282874
0.000316539662885259
0.00023740474716394427
0.0004561895141581674
0.00033981463809741044
0.0003630896133095618
0.0002560247273336654
0.00013964985127290838
0.00017688981161235063
0.00013964985127290838
0.0004096395637338646
9.30999008486056e-06
0.00035843461826713153
0.00029326468767310764
0.00017223481656992036
0.00038170959347928296
0.00033981463809741044
0.0003770545984368527
0.00015361483640019923
0.0001861998016972112
4.189495538187252e-05
0.0004236045488611555
0.0001815448066547809
0.0002094747769093626
0.0001861998016972112
0.00038636458852171323
7.447992067888448e-05
8.378991076374504e-05
0.00017223481656992036
6.982492563645419e-05
0.00023740474716394427
0.0003025746777579682
0.0004515345191157371
0.0003770545984368527
4.65499504243028e-06
0.000232749752121514
0.0004189495538187252
0.0002979196827155379
0.0003025746777579682
0.0002839546975882471
0.00031188466784282874
0.00013033986118804784
0.000316539662885259
0.0001349948562304781
0.00011171988101832671
0.00019550979178207175
1.861998016972112e-05
1.3964985127290839e-05
4.65499504243028e-06
0.00038636458852171323
0.00033515964305498016
3.723996033944224e-05
0.00021878476699422315
0.0003211946579276893
0.000316539662885259
0.0002839546975882471
0.00033515964305498016
0.0002839546975882471
0.0002699897124609562
0.0002979196827155379
0.00010706488597589644
0.0004096395637338646
0.000232749752121514
5.1204945466733075e-05
1.3964985127290839e-05
0.00019085479673964148
4.65499504243028e-06
5.5859940509163356e-05
0.00017688981161235063
0.00014895984135776896
0.000349124628182271
0.00016292482648505978
0.000316539662885259
0.000349124628182271
0.0003025746777579682
9.775489589103588e-05
4.189495538187252e-05
0.0004096395637338646
8.378991076374504e-05
6.516993059402392e-05
0.00013964985127290838
0.00040498456869143433
7.447992067888448e-05
0.00033981463809741044
0.0002280947570790837
4.65499504243028e-06
0.0002094747769093626
6.982492563645419e-05
6.051493555159364e-05
7.447992067888448e-05
8.844490580617531e-05
0.00024205974220637455
0.00026067972237609567
0.0002048197818669323
0.00032584965297011956
0.00032584965297011956
0.00022343976203665342
0.0004515345191157371
0.0003770545984368527
0.00028860969263067737
0.00023740474716394427
5.1204945466733075e-05
0.00033515964305498016
0.00013964985127290838
0.00017223481656992036
7.447992067888448e-05
0.00035843461826713153
0.00028860969263067737
0.00024671473724880485
9.30999008486056e-06
0.0003956745786065738
0.0004096395637338646
0.0003677446083519921
0.0002048197818669323
0.00014430484631533868
0.0003211946579276893
0.00035843461826713153
0.00011171988101832671
0.0004515345191157371
0.00017223481656992036
0.000116374876060757
7.447992067888448e-05
0.0003444696331398407
0.0002979196827155379
9.30999008486056e-06
0.00038170959347928296
0.0002979196827155379
4.189495538187252e-05
0.00011171988101832671
9.30999008486056e-05
0.0003444696331398407
0.00012102987110318727
5.5859940509163356e-05
3.258496529701196e-05
0.000432914538946016
0.0002979196827155379
0.00026067972237609567
0.0004561895141581674
0.0004561895141581674
0.00023740474716394427
3.723996033944224e-05
0.00019550979178207175
0.00030722967280039846
0.00016757982152749008
0.00042825954390358575
0.00038636458852171323
0.0003956745786065738
0.00024205974220637455
0.0002839546975882471
0.00011171988101832671
0.0004375695339884463
0.00026533471741852594
0.00041429455877629493
0.00011171988101832671
0.00017688981161235063
0.00040498456869143433
0.00030722967280039846
0.00040032957364900405
0.00017223481656992036
0.0002746447075033865
0.0002094747769093626
0.0003025746777579682
0.00040032957364900405
0.0003444696331398407
0.0001349948562304781
5.1204945466733075e-05
0.00033981463809741044
0.00026533471741852594
4.65499504243028e-06
0.0003910195835641435
0.00017223481656992036
4.65499504243028e-05
0.00019550979178207175
0.0002513697322912351
0.0002979196827155379
0.00029326468767310764
0.00012102987110318727
0.00026533471741852594
0.00010240989093346615
0.00012568486614561756
0.0004096395637338646
0.000232749752121514
6.516993059402392e-05
0.00017688981161235063
0.00041429455877629493
1.3964985127290839e-05
0.00029326468767310764
0.00021412977195179288
1.861998016972112e-05
0.00012568486614561756
0.00010240989093346615
3.723996033944224e-05
9.30999008486056e-05
8.378991076374504e-05
0.0004515345191157371
0.00023740474716394427
0.00040032957364900405
0.00026067972237609567
0.00044687952407330685
0.0003444696331398407
6.982492563645419e-05
0.0001861998016972112
0.000232749752121514
0.00035377962322470126
4.65499504243028e-06
0.0003723996033944224
3.258496529701196e-05
0.00038636458852171323
0.000349124628182271
0.0001815448066547809
0.00021878476699422315
0.00044687952407330685
6.051493555159364e-05
0.0004236045488611555
8.844490580617531e-05
0.00012102987110318727
0.000465499504243028
0.00032584965297011956
0.0002699897124609562
0.0002699897124609562
0.0002979196827155379
0.0004189495538187252
0.00013033986118804784
0.0004515345191157371
0.0002839546975882471
0.00041429455877629493
0.0002280947570790837
0.0003770545984368527
0.00016757982152749008
0.0003723996033944224
0.0003723996033944224
0.00019550979178207175
0.0002839546975882471
0.00027929970254581677
0.00011171988101832671
0.00038170959347928296
0.00019550979178207175
0.00014430484631533868
0.0001349948562304781
0.00027929970254581677
0.00024205974220637455
0.00038636458852171323
8.844490580617531e-05
9.30999008486056e-05
0.00021412977195179288
2.7929970254581678e-05
0.0001861998016972112
0.00019085479673964148
0.00041429455877629493
0.00024205974220637455
4.189495538187252e-05
9.30999008486056e-05
0.00033515964305498016
0.00014430484631533868
0.000349124628182271
2.32749752121514e-05
0.00032584965297011956
0.0003956745786065738
4.65499504243028e-05
0.0003444696331398407
4.65499504243028e-06
9.30999008486056e-05
0.0004236045488611555
0.00029326468767310764
0.00016757982152749008
0.000465499504243028
4.65499504243028e-05
0.00012102987110318727
0.00041429455877629493
0.00010240989093346615
0.000349124628182271
0.0002979196827155379
0.00020016478682450203
0.000349124628182271
3.723996033944224e-05
0.00024671473724880485
2.32749752121514e-05
0.00021412977195179288
0.00019085479673964148
0.000232749752121514
0.0004236045488611555
0.0003444696331398407
0.000116374876060757
0.00019085479673964148
0.00026067972237609567
0.00026067972237609567
0.00013033986118804784
0.00012568486614561756
5.5859940509163356e-05
0.00019550979178207175
0.0001582698314426295
1.3964985127290839e-05
0.000465499504243028
6.051493555159364e-05
7.447992067888448e-05
0.0003305046480125499
0.0003956745786065738
0.00020016478682450203
9.775489589103588e-05
2.7929970254581678e-05
0.00022343976203665342
0.00022343976203665342
1.3964985127290839e-05
0.0002513697322912351
0.00023740474716394427
0.00035843461826713153
9.30999008486056e-05
0.00038636458852171323
0.00028860969263067737
9.30999008486056e-06
0.00019085479673964148
0.00031188466784282874
0.000116374876060757
6.982492563645419e-05
0.00029326468767310764
0.0003910195835641435
0.0002839546975882471
0.00026533471741852594
0.000465499504243028
0.00044687952407330685
0.00023740474716394427
0.0004422245290308766
0.0002839546975882471
0.00020016478682450203
0.00035843461826713153
0.00023740474716394427
0.00024205974220637455
0.00040498456869143433
0.0002979196827155379
0.00038636458852171323
8.378991076374504e-05
0.000116374876060757
7.913491572131475e-05
0.00044687952407330685
0.00027929970254581677
0.00017223481656992036
9.30999008486056e-06
4.65499504243028e-05
0.00027929970254581677
0.00016292482648505978
0.00027929970254581677
0.00040032957364900405
0.00038636458852171323
0.00011171988101832671
0.0003444696331398407
0.0003444696331398407
0.0004236045488611555
0.0002839546975882471
0.00012568486614561756
0.00020016478682450203
5.5859940509163356e-05
0.0002746447075033865
0.0003211946579276893
0.00015361483640019923
0.00020016478682450203
0.00038636458852171323
3.258496529701196e-05
0.0001582698314426295
4.65499504243028e-05
8.378991076374504e-05
0.0004608445092005977
0.00038170959347928296
0.00038170959347928296
0.00013964985127290838
0.00033981463809741044
0.0004561895141581674
9.30999008486056e-05
0.00016292482648505978
0.000116374876060757
9.30999008486056e-06
0.0002048197818669323
0.0001349948562304781
0.00031188466784282874
0.00033515964305498016
0.00022343976203665342
0.00035377962322470126
0.00016292482648505978
0.0004096395637338646
0.00026533471741852594
2.7929970254581678e-05
0.00027929970254581677
7.913491572131475e-05
0.0004561895141581674
5.1204945466733075e-05
0.00019085479673964148
0.00015361483640019923
6.051493555159364e-05
0.0001861998016972112
0.00029326468767310764
0.00013964985127290838
0.00010240989093346615
0.0002094747769093626
0.00026067972237609567
0.00029326468767310764
0.00038636458852171323
0.0002094747769093626
0.00041429455877629493
8.378991076374504e-05
0.0001861998016972112
0.0003211946579276893
4.65499504243028e-05
0.00041429455877629493
0.0001861998016972112
6.982492563645419e-05
0.00012102987110318727
0.0004375695339884463
9.30999008486056e-05
4.65499504243028e-06
2.7929970254581678e-05
0.00010706488597589644
4.189495538187252e-05
3.723996033944224e-05
0.00010240989093346615
0.00026067972237609567
0.00044687952407330685
7.913491572131475e-05
2.7929970254581678e-05
0.0002094747769093626
0.00010706488597589644
9.30999008486056e-06
0.00035377962322470126
0.00016292482648505978
0.00040032957364900405
0.00012102987110318727
0.0004608445092005977
0.00016757982152749008
0.00044687952407330685
5.1204945466733075e-05
9.775489589103588e-05
0.0003444696331398407
0.0003305046480125499
4.65499504243028e-06
0.0002979196827155379
0.0004515345191157371
0.0002746447075033865
0.00012568486614561756
0.00013033986118804784
0.0004096395637338646
8.378991076374504e-05
0.0002560247273336654
0.00042825954390358575
0.00035843461826713153
0.00012102987110318727
0.0003910195835641435
3.723996033944224e-05
0.00033515964305498016
0.00026533471741852594
9.30999008486056e-06
0.0001815448066547809
0.00032584965297011956
2.7929970254581678e-05
0.00024205974220637455
0.000465499504243028
6.516993059402392e-05
0.00031188466784282874
0.00040498456869143433
0.00017223481656992036
0.000349124628182271
0.00027929970254581677
0.0001582698314426295
4.189495538187252e-05
0.0004515345191157371
0.00017223481656992036
0.0004189495538187252
0.00017223481656992036
0.00041429455877629493
0.0003305046480125499
0.0003956745786065738
0.0004189495538187252
0.00016757982152749008
0.0003444696331398407
0.0002979196827155379
0.00044687952407330685
1.861998016972112e-05
9.30999008486056e-06
0.00013033986118804784
0.00024205974220637455
0.00010706488597589644
0.00027929970254581677
5.1204945466733075e-05
3.258496529701196e-05
0.00019085479673964148
0.0003444696331398407
0.00042825954390358575
1.3964985127290839e-05
0.0003630896133095618
7.913491572131475e-05
0.0002513697322912351
0.00023740474716394427
0.0003956745786065738
0.0004515345191157371
0.0002699897124609562
0.00035843461826713153
0.000232749752121514
0.0002839546975882471
0.0002746447075033865
0.0002839546975882471
0.0002513697322912351
0.00032584965297011956
0.00033981463809741044
0.00040032957364900405
7.913491572131475e-05
0.00019550979178207175
0.00028860969263067737
0.00020016478682450203
3.723996033944224e-05
0.0002699897124609562
0.00033515964305498016
0.00019085479673964148
0.00038636458852171323
2.32749752121514e-05
0.0003677446083519921
8.378991076374504e-05
0.0002839546975882471
0.000349124628182271
0.0003910195835641435
0.00042825954390358575
0.0002839546975882471
0.00030722967280039846
0.00021412977195179288
0.00019550979178207175
0.00013964985127290838
0.000465499504243028
0.0003630896133095618
9.30999008486056e-05
0.0004422245290308766
0.0002979196827155379
0.0003211946579276893
0.0001582698314426295
0.00017688981161235063
0.00038636458852171323
0.00044687952407330685
0.00021412977195179288
0.00032584965297011956
0.00012102987110318727
0.00032584965297011956
0.0001582698314426295
0.0003723996033944224
5.1204945466733075e-05
0.00033515964305498016
0.0002560247273336654
0.00040032957364900405
6.982492563645419e-05
0.00012102987110318727
0.00014895984135776896
1.3964985127290839e-05
0.00012568486614561756
0.00029326468767310764
0.0002513697322912351
0.00020016478682450203
0.00017223481656992036
0.0002048197818669323
0.00016292482648505978
0.0004515345191157371
6.516993059402392e-05
0.0004375695339884463
1.3964985127290839e-05
0.00021412977195179288
0.0004189495538187252
0.0002560247273336654
0.0002839546975882471
0.0003444696331398407
0.0002746447075033865
7.447992067888448e-05
0.00033981463809741044
0.0003211946579276893
0.00020016478682450203
0.000116374876060757
0.00040032957364900405
6.516993059402392e-05
0.000232749752121514
0.0004189495538187252
0.0002699897124609562
4.65499504243028e-06
8.378991076374504e-05
1.3964985127290839e-05
0.00032584965297011956
0.00021878476699422315
0.00028860969263067737
4.189495538187252e-05
4.189495538187252e-05
5.1204945466733075e-05
6.051493555159364e-05
0.0003956745786065738
0.00010706488597589644
8.378991076374504e-05
0.0004515345191157371
2.32749752121514e-05
8.378991076374504e-05
5.1204945466733075e-05
0.00038636458852171323
4.65499504243028e-05
5.1204945466733075e-05
2.7929970254581678e-05
9.30999008486056e-06
8.844490580617531e-05
0.00019085479673964148
9.30999008486056e-05
0.00044687952407330685
0.000432914538946016
0.00024205974220637455
0.00035377962322470126
0.00038636458852171323
0.0004561895141581674
5.5859940509163356e-05
6.982492563645419e-05
0.0003956745786065738
0.00027929970254581677
0.0001349948562304781
0.0004561895141581674
0.00020016478682450203
3.723996033944224e-05
0.00027929970254581677
0.0001349948562304781
0.00021412977195179288
0.00032584965297011956
0.0003630896133095618
7.913491572131475e-05
0.000465499504243028
0.0001861998016972112
0.00017688981161235063
0.0004561895141581674
2.32749752121514e-05
5.1204945466733075e-05
0.00016292482648505978
0.00024671473724880485
0.00012102987110318727
8.844490580617531e-05
0.0002280947570790837
0.00031188466784282874
4.65499504243028e-05
0.00042825954390358575
0.0001815448066547809
0.000432914538946016
0.0004189495538187252
8.844490580617531e-05
0.00038636458852171323
0.00026533471741852594
0.0004422245290308766
5.5859940509163356e-05
0.00012568486614561756
0.0002094747769093626
0.000116374876060757
0.00016757982152749008
0.0002560247273336654
0.0004096395637338646
0.00040032957364900405
0.00033515964305498016
0.0003677446083519921
0.00040498456869143433
0.00030722967280039846
0.00017688981161235063
0.0002513697322912351
0.0004608445092005977
0.00016757982152749008
0.00035377962322470126
0.00029326468767310764
0.00030722967280039846
0.0003677446083519921
0.0002513697322912351
5.5859940509163356e-05
0.00014895984135776896
0.00019085479673964148
0.00038636458852171323
0.00011171988101832671
0.0003956745786065738
9.30999008486056e-06
0.00033515964305498016
0.0002280947570790837
0.00030722967280039846
0.0002513697322912351
0.00016292482648505978
4.65499504243028e-06
0.00020016478682450203
0.00033515964305498016
9.775489589103588e-05
0.00038170959347928296
0.00017223481656992036
0.0002979196827155379
5.5859940509163356e-05
0.0001861998016972112
0.000232749752121514
0.0003305046480125499
0.00030722967280039846
0.000316539662885259
8.378991076374504e-05
0.00030722967280039846
6.516993059402392e-05
0.0002746447075033865
0.00038170959347928296
0.00029326468767310764
6.982492563645419e-05
0.00010240989093346615
0.00042825954390358575
0.000432914538946016
0.00010706488597589644
0.0003770545984368527
0.0004608445092005977
0.0001815448066547809
1.3964985127290839e-05
0.0001861998016972112
0.00038170959347928296
4.65499504243028e-06
1.861998016972112e-05
0.00030722967280039846
0.00044687952407330685
0.00013964985127290838
0.00023740474716394427
0.0001582698314426295
0.0002280947570790837
0.0003211946579276893
0.0003630896133095618
0.00015361483640019923
0.00032584965297011956
0.00026067972237609567
0.00033981463809741044
0.0002979196827155379
0.00021878476699422315
0.00022343976203665342
0.0002979196827155379
4.65499504243028e-05
0.00014895984135776896
0.00033981463809741044
2.32749752121514e-05
0.0002280947570790837
0.0001815448066547809
0.0001861998016972112
0.00017223481656992036
0.000316539662885259
4.65499504243028e-06
0.00016757982152749008
0.0002560247273336654
0.00041429455877629493
2.32749752121514e-05
0.00013033986118804784
0.00033981463809741044
6.982492563645419e-05
0.00013964985127290838
0.0002094747769093626
0.00011171988101832671
7.447992067888448e-05
0.0004608445092005977
0.0003630896133095618
0.0004515345191157371
9.775489589103588e-05
0.0002699897124609562
0.000316539662885259
0.00027929970254581677
0.00020016478682450203
0.00014430484631533868
0.00013964985127290838
0.000116374876060757
0.00038636458852171323
6.051493555159364e-05
0.0001815448066547809
0.00026067972237609567
0.00017688981161235063
0.00024671473724880485
0.0003211946579276893
7.447992067888448e-05
0.00042825954390358575
0.0003677446083519921
0.00021878476699422315
0.000316539662885259
5.1204945466733075e-05
0.00035377962322470126
0.00015361483640019923
0.0003910195835641435
0.00014895984135776896
0.0003444696331398407
0.0002048197818669323
0.00017223481656992036
0.0004515345191157371
4.189495538187252e-05
3.258496529701196e-05
0.00038636458852171323
0.0001815448066547809
0.00020016478682450203
0.00017223481656992036
0.0001582698314426295
0.0002699897124609562
5.5859940509163356e-05
0.0001861998016972112
0.00010240989093346615
0.0001349948562304781
0.000349124628182271
0.00033981463809741044
0.00012568486614561756
0.0003956745786065738
0.0003025746777579682
0.00010706488597589644
0.00021878476699422315
0.0003305046480125499
0.0002699897124609562
0.00038636458852171323
0.00014430484631533868
5.1204945466733075e-05
0.000232749752121514
0.00013033986118804784
0.0003025746777579682
0.00029326468767310764
4.65499504243028e-05
0.00019085479673964148
0.0001349948562304781
0.0003305046480125499
0.00014430484631533868
0.00024671473724880485
6.516993059402392e-05
8.378991076374504e-05
0.0003723996033944224
0.00033981463809741044
1.861998016972112e-05
0.00040498456869143433
0.0004236045488611555
0.0004608445092005977
0.00016757982152749008
0.00021878476699422315
0.00030722967280039846
1.3964985127290839e-05
0.0002699897124609562
7.447992067888448e-05
9.775489589103588e-05
6.516993059402392e-05
0.0002513697322912351
0.00014430484631533868
0.0003305046480125499
9.30999008486056e-05
6.516993059402392e-05
0.00033515964305498016
0.0003305046480125499
0.00019085479673964148
0.00035843461826713153
7.447992067888448e-05
0.0003305046480125499
0.00010706488597589644
0.00041429455877629493
0.00010240989093346615
0.0002699897124609562
0.00044687952407330685
0.0004096395637338646
0.000432914538946016
0.00016292482648505978
0.00044687952407330685
0.00040032957364900405
0.0003956745786065738
0.0003630896133095618
0.0001861998016972112
0.00014895984135776896
9.30999008486056e-06
5.1204945466733075e-05
1.3964985127290839e-05
4.65499504243028e-05
0.00040032957364900405
0.00038636458852171323
0.00020016478682450203
0.00030722967280039846
0.00019550979178207175
7.447992067888448e-05
0.0001582698314426295
0.0002699897124609562
0.00033515964305498016
0.0002746447075033865
0.00026067972237609567
6.516993059402392e-05
0.00011171988101832671
7.913491572131475e-05
3.723996033944224e-05
0.00038636458852171323
0.00014430484631533868
0.0002094747769093626
0.000316539662885259
0.00024205974220637455
0.0003723996033944224
0.00014895984135776896
0.00044687952407330685
4.65499504243028e-05
0.00010706488597589644
0.0003723996033944224
2.7929970254581678e-05
2.32749752121514e-05
0.000349124628182271
0.00040498456869143433
0.000349124628182271
0.0003910195835641435
0.000432914538946016
5.5859940509163356e-05
0.00026067972237609567
0.00029326468767310764
0.00026067972237609567
0.00029326468767310764
0.0004375695339884463
6.051493555159364e-05
0.00019085479673964148
0.00019550979178207175
6.982492563645419e-05
0.00019550979178207175
0.00040032957364900405
0.00012568486614561756
0.00032584965297011956
0.00040032957364900405
0.0002699897124609562
0.00032584965297011956
0.00022343976203665342
0.00011171988101832671
0.00023740474716394427
0.00017688981161235063
0.000316539662885259
5.1204945466733075e-05
0.0004561895141581674
0.0002513697322912351
0.00031188466784282874
0.000349124628182271
7.913491572131475e-05
5.5859940509163356e-05
0.0004561895141581674
0.0003677446083519921
1.861998016972112e-05
0.00019085479673964148
0.00015361483640019923
4.189495538187252e-05
0.00031188466784282874
0.00035843461826713153
2.7929970254581678e-05
0.0003025746777579682
0.00022343976203665342
0.0002839546975882471
0.0004561895141581674
0.00020016478682450203
0.00040032957364900405
0.0003770545984368527
2.7929970254581678e-05
0.0004375695339884463
0.00019550979178207175
0.000349124628182271
4.65499504243028e-05
0.000316539662885259
0.0003677446083519921
0.0002048197818669323
0.0004189495538187252
0.00035377962322470126
0.00028860969263067737
0.00029326468767310764
0.00013964985127290838
0.00027929970254581677
5.5859940509163356e-05
0.0002513697322912351
0.000232749752121514
0.0002699897124609562
0.00038170959347928296
5.5859940509163356e-05
0.00016757982152749008
0.00029326468767310764
0.00022343976203665342
0.0004096395637338646
0.00010240989093346615
0.0001582698314426295
0.0001349948562304781
0.0004375695339884463
0.00012102987110318727
0.00022343976203665342
1.861998016972112e-05
0.00019085479673964148
0.00012568486614561756
0.00021878476699422315
0.00012102987110318727
8.844490580617531e-05
0.00033981463809741044
0.00016292482648505978
0.00041429455877629493
0.000432914538946016
0.0002839546975882471
0.00026067972237609567
1.3964985127290839e-05
0.0004422245290308766
0.0003956745786065738
8.378991076374504e-05
0.000349124628182271
0.0001861998016972112
2.7929970254581678e-05
0.0003723996033944224
0.00016292482648505978
0.00013964985127290838
0.0002746447075033865
0.00012102987110318727
0.000232749752121514
1.861998016972112e-05
0.0004608445092005977
6.982492563645419e-05
0.00013964985127290838
8.844490580617531e-05
0.0003956745786065738
0.00026067972237609567
0.0002979196827155379
0.00026533471741852594
0.00040498456869143433
0.0002048197818669323
0.0003444696331398407
0.00026067972237609567
0.00024671473724880485
0.000349124628182271
0.0002699897124609562
0.000349124628182271
0.0001582698314426295
0.0003770545984368527
0.0003910195835641435
5.5859940509163356e-05
8.378991076374504e-05
0.0004561895141581674
0.0003956745786065738
3.723996033944224e-05
0.0003770545984368527
0.00041429455877629493
2.32749752121514e-05
0.00020016478682450203
0.00013033986118804784
0.00038170959347928296
0.00012568486614561756
6.051493555159364e-05
6.516993059402392e-05
2.32749752121514e-05
0.0003910195835641435
2.32749752121514e-05
0.00017688981161235063
0.00042825954390358575
2.7929970254581678e-05
0.0003770545984368527
0.00029326468767310764
0.00040032957364900405
0.0004422245290308766
0.00042825954390358575
0.000349124628182271
0.00021412977195179288
0.00011171988101832671
0.0002280947570790837
0.0004515345191157371
0.00016757982152749008
0.00026533471741852594
0.00038636458852171323
0.000316539662885259
0.0002746447075033865
0.00019550979178207175
0.00027929970254581677
0.00041429455877629493
0.0002560247273336654
0.0004608445092005977
0.00013964985127290838
0.00016292482648505978
0.0001861998016972112
0.0002513697322912351
0.0001815448066547809
0.00013964985127290838
3.258496529701196e-05
2.32749752121514e-05
0.0001815448066547809
8.844490580617531e-05
0.0003630896133095618
2.32749752121514e-05
0.0004561895141581674
0.00016292482648505978
0.0004096395637338646
0.00014430484631533868
0.0002839546975882471
0.00012102987110318727
0.00022343976203665342
0.0003956745786065738
0.00023740474716394427
0.0002513697322912351
0.0003025746777579682
9.30999008486056e-05
0.000465499504243028
0.00017688981161235063
0.0001861998016972112
0.0002839546975882471
3.723996033944224e-05
0.00023740474716394427
0.00017688981161235063
0.00033981463809741044
0.00026533471741852594
7.447992067888448e-05
0.00033981463809741044
0.000349124628182271
0.0002048197818669323
0.0003630896133095618
0.00027929970254581677
0.00044687952407330685
0.00028860969263067737
2.32749752121514e-05
0.00016292482648505978
0.00040032957364900405
0.00020016478682450203
6.516993059402392e-05
0.00040498456869143433
0.00010706488597589644
0.00026533471741852594
0.0003723996033944224
0.0004422245290308766
0.00030722967280039846
0.00033515964305498016
0.00030722967280039846
0.00024205974220637455
0.0003444696331398407
0.00030722967280039846
0.0003444696331398407
0.00012102987110318727
0.00012102987110318727
0.00038170959347928296
0.00038170959347928296
0.00020016478682450203
2.32749752121514e-05
0.00038170959347928296
0.00022343976203665342
0.00011171988101832671
0.00026067972237609567
0.00011171988101832671
0.0004422245290308766
0.0002513697322912351
0.00019085479673964148
0.00033981463809741044
0.0002048197818669323
0.000116374876060757
5.5859940509163356e-05
0.0002048197818669323
4.65499504243028e-05
0.00020016478682450203
0.00014895984135776896
0.0003630896133095618
5.5859940509163356e-05
0.00012102987110318727
0.00027929970254581677
0.00033981463809741044
0.0004422245290308766
0.00028860969263067737
0.0002280947570790837
0.000465499504243028
0.00014430484631533868
3.258496529701196e-05
0.00032584965297011956
0.0003910195835641435
0.00010240989093346615
0.0002513697322912351
0.00015361483640019923
0.000316539662885259
0.00041429455877629493
0.0002699897124609562
0.0003305046480125499
0.00028860969263067737
0.00021412977195179288
0.0004561895141581674
0.00024205974220637455
5.1204945466733075e-05
0.00013033986118804784
3.723996033944224e-05
0.00019085479673964148
0.00024671473724880485
0.0003444696331398407
0.0003910195835641435
0.00019085479673964148
0.00011171988101832671
1.861998016972112e-05
0.00024205974220637455
0.0002094747769093626
4.65499504243028e-05
0.00020016478682450203
0.00035377962322470126
0.0003956745786065738
0.0003677446083519921
0.00026533471741852594
9.775489589103588e-05
0.0004189495538187252
0.00023740474716394427
1.861998016972112e-05
0.000116374876060757
0.00010706488597589644
0.00024671473724880485
5.1204945466733075e-05
0.00010240989093346615
0.00033981463809741044
0.00038170959347928296
0.0001861998016972112
7.913491572131475e-05
0.0002513697322912351
9.775489589103588e-05
0.0002094747769093626
0.0001815448066547809
0.00041429455877629493
0.00024671473724880485
1.3964985127290839e-05
0.0002513697322912351
0.00035377962322470126
0.000349124628182271
3.258496529701196e-05
0.00038636458852171323
0.00020016478682450203
3.258496529701196e-05
0.000116374876060757
0.0003910195835641435
8.378991076374504e-05
1.3964985127290839e-05
0.0003630896133095618
0.00042825954390358575
0.0001582698314426295
0.000316539662885259
3.723996033944224e-05
0.00016292482648505978
7.447992067888448e-05
7.447992067888448e-05
0.00013033986118804784
0.0002094747769093626
0.00012568486614561756
0.00038636458852171323
0.00033515964305498016
0.00035843461826713153
0.0003677446083519921
0.0001582698314426295
0.0002979196827155379
0.0003630896133095618
6.051493555159364e-05
0.00024205974220637455
0.0002560247273336654
0.0003211946579276893
0.00014430484631533868
0.0003211946579276893
0.0004608445092005977
0.00035843461826713153
0.0002979196827155379
0.00017688981161235063
0.0003770545984368527
0.00041429455877629493
0.00041429455877629493
6.982492563645419e-05
0.0003677446083519921
0.00027929970254581677
0.00016292482648505978
0.000116374876060757
0.0003444696331398407
0.00016757982152749008
0.0004515345191157371
0.00038170959347928296
0.00026533471741852594
0.00044687952407330685
0.00016757982152749008
0.0003630896133095618
0.0002979196827155379
0.0004189495538187252
8.844490580617531e-05
1.861998016972112e-05
0.00016292482648505978
0.00013964985127290838
0.00017223481656992036
0.0004189495538187252
0.0004561895141581674
0.00017688981161235063
0.00014430484631533868
9.30999008486056e-06
0.00013033986118804784
0.000316539662885259
0.00030722967280039846
7.913491572131475e-05
0.00038170959347928296
0.0002979196827155379
0.0002048197818669323
0.0004375695339884463
0.0004561895141581674
0.00024205974220637455
0.0004515345191157371
0.0003910195835641435
0.00030722967280039846
0.00019085479673964148
0.00010706488597589644
9.30999008486056e-06
0.0003910195835641435
0.00040498456869143433
0.00027929970254581677
0.00022343976203665342
0.000316539662885259
3.723996033944224e-05
0.00026533471741852594
0.00016292482648505978
0.000116374876060757
2.32749752121514e-05
0.000316539662885259
7.447992067888448e-05
0.00023740474716394427
0.000116374876060757
0.000316539662885259
0.0003723996033944224
0.000316539662885259
1.861998016972112e-05
0.0004096395637338646
6.516993059402392e-05
3.258496529701196e-05
0.00013964985127290838
0.00026533471741852594
4.65499504243028e-06
0.0004422245290308766
0.00015361483640019923
0.00040498456869143433
0.00038636458852171323
0.0003956745786065738
0.0004236045488611555
8.844490580617531e-05
0.00028860969263067737
0.00024671473724880485
0.0002979196827155379
0.0004561895141581674
0.00019550979178207175
7.447992067888448e-05
0.00027929970254581677
0.00021878476699422315
0.0004515345191157371
5.5859940509163356e-05
0.0003305046480125499
0.0001861998016972112
0.000349124628182271
0.000432914538946016
0.0002280947570790837
7.447992067888448e-05
0.00014895984135776896
0.00016757982152749008
0.00010240989093346615
0.00033515964305498016
0.00035843461826713153
0.00019085479673964148
0.00016757982152749008
0.00031188466784282874
0.00032584965297011956
0.00017688981161235063
0.0001349948562304781
0.0002839546975882471
5.5859940509163356e-05
6.982492563645419e-05
0.0002513697322912351
0.0001349948562304781
0.00027929970254581677
9.30999008486056e-05
0.0001349948562304781
0.00011171988101832671
0.0004608445092005977
0.00017223481656992036
0.00012568486614561756
0.00038636458852171323
0.00019550979178207175
0.000116374876060757
0.00014895984135776896
0.0003305046480125499
0.00013033986118804784
3.723996033944224e-05
0.0002048197818669323
0.00033981463809741044
4.189495538187252e-05
0.00010706488597589644
0.0001861998016972112
0.00019550979178207175
1.3964985127290839e-05
4.65499504243028e-06
0.00016292482648505978
3.723996033944224e-05
0.00010706488597589644
0.0004236045488611555
0.0004096395637338646
0.00033515964305498016
0.0003910195835641435
0.0002839546975882471
0.0004422245290308766
6.051493555159364e-05
0.0003305046480125499
0.00019085479673964148
0.0002280947570790837
0.00019085479673964148
7.447992067888448e-05
0.0001815448066547809
0.000316539662885259
0.00031188466784282874
0.00029326468767310764
0.0002560247273336654
0.00010706488597589644
6.051493555159364e-05
0.00028860969263067737
0.00044687952407330685
0.0002094747769093626
0.0004189495538187252
0.00038636458852171323
0.00020016478682450203
0.00035843461826713153
0.0002699897124609562
0.0003910195835641435
0.0004422245290308766
0.0004422245290308766
8.378991076374504e-05
0.00016292482648505978
5.5859940509163356e-05
6.982492563645419e-05
9.30999008486056e-06
0.00033981463809741044
0.00014895984135776896
1.861998016972112e-05
0.000116374876060757
0.00017688981161235063
0.00014895984135776896
5.5859940509163356e-05
0.00031188466784282874
0.0004096395637338646
0.00012102987110318727
0.0001815448066547809
0.0001815448066547809
4.65499504243028e-06
0.0003677446083519921
0.00022343976203665342
0.0004236045488611555
0.0002280947570790837
2.7929970254581678e-05
6.051493555159364e-05
0.00033515964305498016
5.1204945466733075e-05
9.775489589103588e-05
0.0003630896133095618
0.00032584965297011956
0.0003211946579276893
0.0004375695339884463
0.0004515345191157371
6.051493555159364e-05
0.00026067972237609567
0.00027929970254581677
0.000316539662885259
0.000432914538946016
0.0003305046480125499
5.5859940509163356e-05
0.000432914538946016
0.0001861998016972112
0.00021412977195179288
0.00012102987110318727
4.65499504243028e-05
2.32749752121514e-05
0.0003910195835641435
0.0002699897124609562
0.00016757982152749008
4.189495538187252e-05
0.0003910195835641435
0.0004422245290308766
0.00029326468767310764
0.00040032957364900405
0.000316539662885259
0.00021412977195179288
0.0004608445092005977
0.0002699897124609562
3.258496529701196e-05
8.378991076374504e-05
0.0004422245290308766
0.00027929970254581677
6.982492563645419e-05
0.00035377962322470126
4.65499504243028e-05
0.0002699897124609562
0.0004375695339884463
0.00022343976203665342
2.32749752121514e-05
0.00019550979178207175
0.00016292482648505978
0.00017223481656992036
0.00014430484631533868
0.00013033986118804784
0.000116374876060757
0.00042825954390358575
1.861998016972112e-05
0.00014430484631533868
0.00033515964305498016
0.0003723996033944224
0.0004608445092005977
0.00038170959347928296
0.00012568486614561756
0.00016292482648505978
0.00010706488597589644
0.0003910195835641435
0.00035843461826713153
1.3964985127290839e-05
8.844490580617531e-05
0.00040498456869143433
0.00040498456869143433
0.00032584965297011956
0.000232749752121514
0.0001582698314426295
0.0003677446083519921
0.000232749752121514
0.00011171988101832671
0.0002699897124609562
4.189495538187252e-05
8.844490580617531e-05
0.0003305046480125499
0.00012568486614561756
0.00035843461826713153
0.000432914538946016
0.00022343976203665342
0.0002094747769093626
2.32749752121514e-05
0.00042825954390358575
0.0002280947570790837
0.0002979196827155379
0.0003910195835641435
9.30999008486056e-06
8.378991076374504e-05
0.00038636458852171323
0.0004375695339884463
0.00041429455877629493
0.000432914538946016
0.00014895984135776896
0.00013964985127290838
0.0004375695339884463
0.00014895984135776896
0.0001349948562304781
0.0002699897124609562
0.00042825954390358575
0.00040032957364900405
4.65499504243028e-05
9.30999008486056e-06
0.000465499504243028
0.0002513697322912351
0.0003677446083519921
0.0003723996033944224
0.00024671473724880485
9.775489589103588e-05
0.0002746447075033865
0.00019085479673964148
0.0002560247273336654
0.00014895984135776896
0.00019550979178207175
0.0002048197818669323
0.0002560247273336654
0.0002513697322912351
1.861998016972112e-05
0.00029326468767310764
0.00012568486614561756
0.00017688981161235063
0.000116374876060757
0.00015361483640019923
0.00010240989093346615
0.0002280947570790837
0.0004189495538187252
5.5859940509163356e-05
0.00013033986118804784
4.65499504243028e-05
0.00021412977195179288
0.00032584965297011956
5.1204945466733075e-05
9.30999008486056e-05
0.0004236045488611555
0.00026533471741852594
0.0002560247273336654
0.00031188466784282874
0.00040498456869143433
0.0002839546975882471
0.0002048197818669323
9.30999008486056e-05
0.0002094747769093626
9.775489589103588e-05
0.00035843461826713153
0.0004422245290308766
0.0002513697322912351
0.00024205974220637455
6.516993059402392e-05
0.00021412977195179288
3.723996033944224e-05
0.0003956745786065738
2.7929970254581678e-05
0.00040032957364900405
0.00016292482648505978
0.00024671473724880485
4.65499504243028e-05
0.00023740474716394427
0.0002048197818669323
0.00019085479673964148
0.0003305046480125499
0.00016757982152749008
0.00019085479673964148
0.0003211946579276893
8.378991076374504e-05
0.0001349948562304781
5.5859940509163356e-05
0.00010240989093346615
0.00014895984135776896
0.0002560247273336654
0.00016292482648505978
0.00038170959347928296
0.00011171988101832671
0.00013964985127290838
0.00038636458852171323
0.00017688981161235063
2.7929970254581678e-05
0.0001861998016972112
0.000432914538946016
0.000432914538946016
4.65499504243028e-05
0.00019550979178207175
2.7929970254581678e-05
6.982492563645419e-05
0.00031188466784282874
0.0003025746777579682
0.0003723996033944224
0.00010240989093346615
0.00012102987110318727
0.00027929970254581677
0.00012568486614561756
9.30999008486056e-05
0.00017688981161235063
0.0003770545984368527
0.000232749752121514
0.0002094747769093626
0.00026533471741852594
0.0002699897124609562
0.00013964985127290838
0.00032584965297011956
0.00016757982152749008
0.00033981463809741044
0.00017688981161235063
0.0003444696331398407
0.00031188466784282874
0.0001582698314426295
0.0004189495538187252
5.1204945466733075e-05
0.000316539662885259
0.00019085479673964148
0.00021878476699422315
0.00042825954390358575
0.0002513697322912351
0.0002048197818669323
0.0002048197818669323
0.00026533471741852594
4.65499504243028e-05
0.00019085479673964148
0.0002699897124609562
0.00022343976203665342
9.30999008486056e-05
0.0003956745786065738
4.65499504243028e-06
0.00035843461826713153
0.0002280947570790837
0.000232749752121514
0.0003677446083519921
0.0001349948562304781
0.000432914538946016
1.3964985127290839e-05
0.000465499504243028
0.0004608445092005977
0.00038636458852171323
0.0004236045488611555
0.0001861998016972112
0.00023740474716394427
0.00041429455877629493
0.0002560247273336654
2.32749752121514e-05
8.378991076374504e-05
0.00010706488597589644
0.00035843461826713153
0.0002048197818669323
0.0004096395637338646
0.00028860969263067737
9.775489589103588e-05
0.0002979196827155379
0.00040032957364900405
0.00030722967280039846
0.00031188466784282874
0.0001815448066547809
0.0002746447075033865
0.00024671473724880485
0.00033981463809741044
7.447992067888448e-05
0.0004189495538187252
2.32749752121514e-05
0.0002560247273336654
0.00012568486614561756
0.0002979196827155379
6.051493555159364e-05
0.00012102987110318727
0.00035377962322470126
9.30999008486056e-06
0.0002746447075033865
5.1204945466733075e-05
0.0002280947570790837
0.0003910195835641435
0.00017223481656992036
0.0003444696331398407
0.00012102987110318727
0.00016757982152749008
0.00017223481656992036
0.00015361483640019923
0.00027929970254581677
0.000116374876060757
0.0004375695339884463
0.0004189495538187252
0.0004608445092005977
0.0001582698314426295
0.00014430484631533868
0.00016292482648505978
7.913491572131475e-05
0.0002513697322912351
0.00027929970254581677
0.00038170959347928296
0.0002048197818669323
0.0004422245290308766
2.32749752121514e-05
4.65499504243028e-06
0.0003677446083519921
1.3964985127290839e-05
0.000316539662885259
0.0004608445092005977
0.00010706488597589644
8.378991076374504e-05
0.0003770545984368527
9.30999008486056e-05
0.00012568486614561756
0.0004096395637338646
0.0002746447075033865
8.378991076374504e-05
3.723996033944224e-05
6.051493555159364e-05
0.00021412977195179288
0.0003025746777579682
0.0002280947570790837
0.00026067972237609567
0.000116374876060757
0.0003305046480125499
0.00010706488597589644
0.0003910195835641435
0.0003025746777579682
0.00035843461826713153
0.00015361483640019923
0.0002839546975882471
0.00042825954390358575
0.00038170959347928296
0.00012102987110318727
0.00042825954390358575
6.051493555159364e-05
7.913491572131475e-05
0.0002839546975882471
0.00022343976203665342
4.65499504243028e-06
8.378991076374504e-05
0.0003305046480125499
0.00017223481656992036
0.0002513697322912351
0.0002979196827155379
0.0004096395637338646
6.982492563645419e-05
0.0003723996033944224
0.00021878476699422315
0.0001861998016972112
0.0002839546975882471
0.00023740474716394427
0.00012102987110318727
0.00021412977195179288
0.00024671473724880485
0.0003910195835641435
0.0003770545984368527
0.00038170959347928296
0.00020016478682450203
0.0004422245290308766
3.723996033944224e-05
0.0003723996033944224
0.0004189495538187252
0.0004375695339884463
0.00019550979178207175
0.0003956745786065738
4.65499504243028e-06
0.000349124628182271
0.00040032957364900405
1.3964985127290839e-05
0.0004236045488611555
0.00021412977195179288
0.00026067972237609567
0.0001349948562304781
5.5859940509163356e-05
0.00033981463809741044
0.0001349948562304781
0.0002699897124609562
0.00029326468767310764
0.0002513697322912351
4.189495538187252e-05
0.0004515345191157371
4.189495538187252e-05
0.00016757982152749008
0.00027929970254581677
0.00012568486614561756
0.0001349948562304781
0.0003956745786065738
0.0004189495538187252
0.0002979196827155379
0.00035843461826713153
6.051493555159364e-05
4.65499504243028e-05
5.5859940509163356e-05
0.0001349948562304781
0.00014430484631533868
5.5859940509163356e-05
0.00035843461826713153
0.000465499504243028
7.913491572131475e-05
0.0004096395637338646
0.0001349948562304781
1.861998016972112e-05
0.0003630896133095618
0.0003956745786065738
0.0003025746777579682
6.516993059402392e-05
0.00027929970254581677
1.861998016972112e-05
0.0004236045488611555
0.0002094747769093626
0.0003444696331398407
0.00029326468767310764
0.0004422245290308766
0.000432914538946016
2.7929970254581678e-05
0.00011171988101832671
0.00040032957364900405
9.775489589103588e-05
0.0004561895141581674
0.0003305046480125499
2.32749752121514e-05
0.000432914538946016
0.00040498456869143433
0.00010240989093346615
0.00026067972237609567
0.0002979196827155379
0.0002746447075033865
8.378991076374504e-05
0.00030722967280039846
0.0003677446083519921
0.0002560247273336654
0.0003305046480125499
0.00038636458852171323
0.00033981463809741044
0.00026533471741852594
6.516993059402392e-05
0.0003305046480125499
0.0001815448066547809
0.0004515345191157371
0.00017223481656992036
0.0002048197818669323
6.982492563645419e-05
0.000116374876060757
0.00019085479673964148
0.0001349948562304781
0.00012102987110318727
0.0001861998016972112
8.378991076374504e-05
0.0003910195835641435
0.0004515345191157371
0.00022343976203665342
0.00012102987110318727
0.0001861998016972112
0.00016757982152749008
0.00024671473724880485
0.00035377962322470126
0.000116374876060757
0.00014430484631533868
0.00026067972237609567
0.00021412977195179288
0.000432914538946016
0.00020016478682450203
0.00040032957364900405
0.00040032957364900405
5.5859940509163356e-05
0.0002280947570790837
0.00042825954390358575
0.00016292482648505978
0.00020016478682450203
0.00015361483640019923
4.189495538187252e-05
0.0004515345191157371
7.913491572131475e-05
0.00015361483640019923
0.00012568486614561756
0.0002746447075033865
0.0003630896133095618
0.0004608445092005977
0.0003677446083519921
0.00038170959347928296
0.0002513697322912351
0.00013964985127290838
0.0002048197818669323
9.775489589103588e-05
1.861998016972112e-05
0.0002048197818669323
0.0004236045488611555
0.00019085479673964148
8.378991076374504e-05
0.00014895984135776896
0.0003444696331398407
0.0004515345191157371
0.00044687952407330685
9.30999008486056e-05
0.00026533471741852594
9.30999008486056e-06
0.000232749752121514
0.0001582698314426295
0.000349124628182271
0.0003910195835641435
0.0002560247273336654
0.00035843461826713153
9.30999008486056e-06
9.30999008486056e-05
0.00042825954390358575
3.258496529701196e-05
0.00019085479673964148
0.00013033986118804784
0.0002699897124609562
0.00012102987110318727
0.0002746447075033865
0.0002048197818669323
0.00042825954390358575
0.0003211946579276893
0.0004236045488611555
0.00013033986118804784
0.0001349948562304781
7.913491572131475e-05
0.0003956745786065738
0.000316539662885259
1.3964985127290839e-05
0.0002048197818669323
0.00010706488597589644
0.0003444696331398407
0.00035843461826713153
0.00033515964305498016
0.0004422245290308766
0.00016292482648505978
5.1204945466733075e-05
0.0002699897124609562
0.00015361483640019923
0.00026067972237609567
0.0002560247273336654
0.00030722967280039846
4.65499504243028e-05
0.0003910195835641435
0.00021412977195179288
4.189495538187252e-05
0.00014895984135776896
0.00028860969263067737
6.051493555159364e-05
0.00033981463809741044
0.0001349948562304781
0.000232749752121514
0.0003444696331398407
0.00024205974220637455
0.0002560247273336654
0.00015361483640019923
0.00033515964305498016
0.00035843461826713153
0.00040498456869143433
0.0002560247273336654
0.0002280947570790837
0.0003956745786065738
8.378991076374504e-05
9.30999008486056e-06
0.0004189495538187252
0.00021412977195179288
9.30999008486056e-05
0.0003025746777579682
0.000232749752121514
9.30999008486056e-06
0.00017223481656992036
0.00026067972237609567
0.00040032957364900405
0.0002513697322912351
0.00012102987110318727
0.000432914538946016
0.00040498456869143433
0.0002979196827155379
0.00014895984135776896
2.7929970254581678e-05
0.00019085479673964148
0.0004608445092005977
0.00014895984135776896
0.00016292482648505978
2.7929970254581678e-05
4.189495538187252e-05
4.189495538187252e-05
0.000465499504243028
0.0003630896133095618
0.00027929970254581677
0.0002560247273336654
3.723996033944224e-05
0.0003025746777579682
0.0001815448066547809
0.0002979196827155379
7.447992067888448e-05
0.00027929970254581677
0.0002513697322912351
4.189495538187252e-05
0.00033981463809741044
0.00017688981161235063
0.00014895984135776896
0.00014430484631533868
0.000349124628182271
0.0001815448066547809
0.0002048197818669323
0.00030722967280039846
7.913491572131475e-05
0.00029326468767310764
0.00014430484631533868
0.00010240989093346615
7.447992067888448e-05
0.00032584965297011956
3.258496529701196e-05
0.0004561895141581674
0.0003025746777579682
9.775489589103588e-05
0.00035377962322470126
0.00022343976203665342
0.0004515345191157371
0.00026067972237609567
9.775489589103588e-05
0.00023740474716394427
9.30999008486056e-05
4.65499504243028e-06
0.00024671473724880485
0.00021878476699422315
0.0002699897124609562
0.0004515345191157371
0.00029326468767310764
0.0004096395637338646
0.00017688981161235063
4.65499504243028e-05
0.0004561895141581674
9.30999008486056e-06
4.189495538187252e-05
3.723996033944224e-05
0.0004422245290308766
0.0002048197818669323
1.3964985127290839e-05
0.00014895984135776896
0.0002513697322912351
0.0001582698314426295
0.00011171988101832671
0.0003305046480125499
0.000465499504243028
0.000465499504243028
0.00033981463809741044
0.0002094747769093626
0.00040032957364900405
0.0003444696331398407
4.65499504243028e-05
0.00027929970254581677
0.00032584965297011956
5.5859940509163356e-05
0.00040032957364900405
0.00041429455877629493
0.0004189495538187252
0.00010240989093346615
0.0003211946579276893
0.0001349948562304781
0.0003910195835641435
0.0002699897124609562
0.0003723996033944224
0.00033515964305498016
0.000349124628182271
7.913491572131475e-05
0.00028860969263067737
0.0003305046480125499
0.00026067972237609567
0.0003305046480125499
0.0004515345191157371
0.00021878476699422315
0.00012102987110318727
0.0004189495538187252
0.00017223481656992036
0.0003956745786065738
0.00044687952407330685
9.775489589103588e-05
0.0002560247273336654
0.0003770545984368527
0.00016757982152749008
0.0003305046480125499
0.00032584965297011956
0.0002839546975882471
6.051493555159364e-05
0.00011171988101832671
7.447992067888448e-05
0.00033981463809741044
6.982492563645419e-05
0.0003956745786065738
6.051493555159364e-05
0.00019550979178207175
0.00021878476699422315
0.0002560247273336654
0.0003770545984368527
0.000232749752121514
0.00010240989093346615
0.00024205974220637455
0.00017223481656992036
0.0003444696331398407
0.00014895984135776896
0.00027929970254581677
0.00015361483640019923
0.0002560247273336654
0.000316539662885259
0.00019550979178207175
8.378991076374504e-05
0.0001861998016972112
7.913491572131475e-05
7.913491572131475e-05
0.00017223481656992036
6.982492563645419e-05
0.00019085479673964148
0.0002699897124609562
0.00028860969263067737
6.516993059402392e-05
0.0003444696331398407
0.000349124628182271
0.0003770545984368527
1.3964985127290839e-05
0.0003211946579276893
0.0002280947570790837
0.0003630896133095618
0.00014430484631533868
0.00012102987110318727
0.0002560247273336654
2.7929970254581678e-05
0.00040032957364900405
0.00035377962322470126
0.0001349948562304781
0.00021878476699422315
0.0002513697322912351
6.051493555159364e-05
0.0004189495538187252
2.7929970254581678e-05
0.0004375695339884463
6.051493555159364e-05
0.0004189495538187252
2.7929970254581678e-05
3.723996033944224e-05
0.00038170959347928296
0.00021878476699422315
6.051493555159364e-05
9.30999008486056e-05
0.00042825954390358575
0.00010706488597589644
0.0003305046480125499
0.000349124628182271
0.00014895984135776896
0.0004236045488611555
0.0003025746777579682
4.65499504243028e-05
0.00024671473724880485
0.00021878476699422315
0.00032584965297011956
0.000432914538946016
3.723996033944224e-05
0.0003630896133095618
6.516993059402392e-05
0.000349124628182271
0.00044687952407330685
3.723996033944224e-05
0.00013964985127290838
0.000316539662885259
0.0003770545984368527
0.00021878476699422315
0.0003910195835641435
0.0002513697322912351
0.00044687952407330685
0.00014430484631533868
0.000232749752121514
0.0003677446083519921
0.00044687952407330685
0.00022343976203665342
5.1204945466733075e-05
0.00012568486614561756
0.00029326468767310764
0.00021878476699422315
5.5859940509163356e-05
0.00017223481656992036
0.00038170959347928296
0.00019550979178207175
0.00031188466784282874
0.0004189495538187252
0.00019085479673964148
0.00027929970254581677
0.00010706488597589644
2.7929970254581678e-05
4.65499504243028e-06
8.378991076374504e-05
0.00044687952407330685
0.000432914538946016
0.0003956745786065738
0.0004608445092005977
0.0003723996033944224
4.65499504243028e-06
0.0002513697322912351
0.00015361483640019923
0.00020016478682450203
0.00019085479673964148
0.0002280947570790837
0.0002048197818669323
0.00041429455877629493
0.00010706488597589644
0.0004515345191157371
0.00027929970254581677
0.00024205974220637455
0.00030722967280039846
0.0004422245290308766
0.00014895984135776896
0.0001582698314426295
0.0004375695339884463
0.00038636458852171323
0.00021878476699422315
0.00013964985127290838
0.0004422245290308766
0.0004375695339884463
0.0004096395637338646
0.0004375695339884463
0.00011171988101832671
9.775489589103588e-05
0.00014895984135776896
0.000232749752121514
0.0003444696331398407
0.00013033986118804784
0.00044687952407330685
0.00033515964305498016
0.0004375695339884463
0.0001349948562304781
5.1204945466733075e-05
0.00035377962322470126
9.30999008486056e-05
0.000116374876060757
0.00013964985127290838
0.00014895984135776896
0.0003723996033944224
0.00022343976203665342
0.0001861998016972112
0.0001861998016972112
0.0004189495538187252
7.913491572131475e-05
0.0002979196827155379
0.0003444696331398407
0.00024205974220637455
0.0003677446083519921
6.516993059402392e-05
5.1204945466733075e-05
0.0004561895141581674
0.0002094747769093626
6.051493555159364e-05
0.00021878476699422315
0.00021412977195179288
0.0003211946579276893
0.00013033986118804784
0.0003723996033944224
0.00010706488597589644
4.65499504243028e-06
0.00012102987110318727
0.00024205974220637455
6.982492563645419e-05
0.00012568486614561756
2.32749752121514e-05
0.0002746447075033865
0.0004096395637338646
1.861998016972112e-05
0.0004096395637338646
0.0004236045488611555
4.189495538187252e-05
0.000349124628182271
0.0002048197818669323
0.00021412977195179288
0.00031188466784282874
0.00028860969263067737
0.00035377962322470126
0.0004561895141581674
0.00020016478682450203
0.00033515964305498016
0.00021412977195179288
0.0002513697322912351
0.00016757982152749008
0.0003956745786065738
5.5859940509163356e-05
7.913491572131475e-05
0.0003723996033944224
0.00040498456869143433
0.00021412977195179288
7.447992067888448e-05
5.5859940509163356e-05
0.00038636458852171323
0.00032584965297011956
0.00012102987110318727
0.0002094747769093626
9.775489589103588e-05
0.0004608445092005977
0.00026067972237609567
0.00012568486614561756
0.00035843461826713153
0.0001861998016972112
0.000116374876060757
0.0001815448066547809
0.00026533471741852594
0.0002560247273336654
0.0003677446083519921
0.00044687952407330685
7.913491572131475e-05
5.5859940509163356e-05
6.982492563645419e-05
0.00040032957364900405
0.00040498456869143433
0.0001582698314426295
9.30999008486056e-05
0.0003910195835641435
0.00033981463809741044
0.00019550979178207175
0.0001582698314426295
0.0004422245290308766
0.00030722967280039846
6.516993059402392e-05
0.000116374876060757
0.00019085479673964148
0.0001815448066547809
0.00015361483640019923
0.0004096395637338646
0.00021878476699422315
0.000232749752121514
0.00012568486614561756
1.861998016972112e-05
0.000432914538946016
0.00040032957364900405
0.0002048197818669323
0.00040032957364900405
0.0004096395637338646
0.0002280947570790837
0.00031188466784282874
3.723996033944224e-05
0.00019085479673964148
0.0002094747769093626
5.1204945466733075e-05
0.0002048197818669323
0.00019085479673964148
0.00021412977195179288
0.0003910195835641435
0.0002280947570790837
0.0004561895141581674
0.000465499504243028
0.00027929970254581677
0.00019550979178207175
0.0003770545984368527
0.0003677446083519921
0.00040498456869143433
0.0002094747769093626
0.00035843461826713153
7.913491572131475e-05
8.378991076374504e-05
0.00021412977195179288
3.258496529701196e-05
0.000232749752121514
0.0004375695339884463
0.0004422245290308766
0.00026533471741852594
0.00026533471741852594
0.0002979196827155379
0.0001861998016972112
0.00024205974220637455
0.000432914538946016
0.0002979196827155379
0.0001582698314426295
0.00019085479673964148
0.00028860969263067737
0.0004422245290308766
0.00019085479673964148
0.0004189495538187252
0.0004236045488611555
0.0004096395637338646
0.00035377962322470126
0.0004608445092005977
0.00026067972237609567
5.1204945466733075e-05
0.0004236045488611555
0.00042825954390358575
0.0004561895141581674
9.775489589103588e-05
4.65499504243028e-06
5.1204945466733075e-05
0.0003910195835641435
0.00012568486614561756
0.00035843461826713153
0.00021878476699422315
0.00033981463809741044
0.00026533471741852594
0.0004189495538187252
0.00010706488597589644
5.1204945466733075e-05
3.258496529701196e-05
0.00020016478682450203
0.00010240989093346615
0.00023740474716394427
0.00019085479673964148
0.0004236045488611555
0.00017223481656992036
0.00019550979178207175
0.00012102987110318727
0.00017688981161235063
0.00040498456869143433
0.0002699897124609562
0.00035377962322470126
0.00035377962322470126
0.00040032957364900405
5.1204945466733075e-05
1.861998016972112e-05
0.00010706488597589644
4.189495538187252e-05
0.00027929970254581677
0.00014430484631533868
3.258496529701196e-05
0.00030722967280039846
0.000316539662885259
0.00035843461826713153
3.258496529701196e-05
0.00010240989093346615
0.0003910195835641435
1.861998016972112e-05
0.00024205974220637455
0.0003770545984368527
0.0001582698314426295
0.0002560247273336654
1.3964985127290839e-05
4.65499504243028e-06
0.00026533471741852594
0.0002280947570790837
0.00032584965297011956
0.0002560247273336654
0.0003444696331398407
4.65499504243028e-05
0.0003305046480125499
0.0004608445092005977
7.447992067888448e-05
9.30999008486056e-05
0.00033515964305498016
0.00016757982152749008
0.00023740474716394427
3.258496529701196e-05
0.00013033986118804784
0.0002094747769093626
0.00022343976203665342
8.378991076374504e-05
0.00042825954390358575
0.0004515345191157371
1.861998016972112e-05
5.1204945466733075e-05
0.00035843461826713153
0.00041429455877629493
0.00030722967280039846
0.0003305046480125499
0.00017223481656992036
0.00028860969263067737
0.00017223481656992036
0.0002513697322912351
0.000316539662885259
2.32749752121514e-05
0.00021878476699422315
9.30999008486056e-05
4.189495538187252e-05
9.30999008486056e-05
0.0002048197818669323
0.00015361483640019923
0.00044687952407330685
0.00020016478682450203
0.00013033986118804784
6.982492563645419e-05
0.00023740474716394427
0.00041429455877629493
0.00014895984135776896
0.00040498456869143433
0.00033981463809741044
0.000316539662885259
2.32749752121514e-05
0.00026067972237609567
0.00028860969263067737
0.0002699897124609562
1.861998016972112e-05
9.775489589103588e-05
0.00014430484631533868
0.000432914538946016
0.00041429455877629493
0.00035377962322470126
0.00031188466784282874
0.00012568486614561756
0.0003305046480125499
0.00035377962322470126
0.0001861998016972112
0.00021412977195179288
0.00038170959347928296
8.844490580617531e-05
0.00033515964305498016
0.00035377962322470126
0.0003025746777579682
0.0004561895141581674
0.0001349948562304781
0.000349124628182271
0.00040032957364900405
0.0002746447075033865
0.0003444696331398407
0.0002280947570790837
0.0003025746777579682
0.00024671473724880485
0.00030722967280039846
0.00032584965297011956
8.378991076374504e-05
0.00029326468767310764
2.32749752121514e-05
0.00032584965297011956
0.00021878476699422315
0.0003956745786065738
0.0002048197818669323
4.65499504243028e-05
1.3964985127290839e-05
0.00033515964305498016
0.00029326468767310764
0.0001815448066547809
0.0002699897124609562
0.00014895984135776896
6.982492563645419e-05
0.00026533471741852594
4.65499504243028e-06
1.861998016972112e-05
7.447992067888448e-05
2.32749752121514e-05
0.0002699897124609562
0.000116374876060757
8.378991076374504e-05
0.0001861998016972112
0.00023740474716394427
0.000116374876060757
0.00020016478682450203
9.775489589103588e-05
0.00038636458852171323
0.00030722967280039846
0.000116374876060757
0.00019550979178207175
0.00021412977195179288
0.0003444696331398407
4.65499504243028e-06
0.0003444696331398407
0.000465499504243028
0.00024671473724880485
0.00015361483640019923
0.0002699897124609562
0.0002839546975882471
0.00038636458852171323
0.00033515964305498016
0.00038636458852171323
7.447992067888448e-05
0.00029326468767310764
0.0004189495538187252
5.1204945466733075e-05
0.00017688981161235063
0.00012568486614561756
0.0003956745786065738
0.00028860969263067737
0.00026533471741852594
0.00023740474716394427
0.00035843461826713153
0.00029326468767310764
0.0003910195835641435
0.00012102987110318727
0.000432914538946016
0.00014895984135776896
7.447992067888448e-05
0.0004561895141581674
0.0003723996033944224
0.0002746447075033865
5.1204945466733075e-05
0.0001861998016972112
0.00042825954390358575
0.00044687952407330685
0.000232749752121514
0.00019085479673964148
0.0003677446083519921
0.00040032957364900405
0.0003910195835641435
4.189495538187252e-05
0.0003770545984368527
4.189495538187252e-05
0.0003956745786065738
0.0002048197818669323
0.00022343976203665342
9.30999008486056e-05
0.0003910195835641435
0.0004561895141581674
0.00024205974220637455
0.0004236045488611555
0.00027929970254581677
0.00040032957364900405
0.0004236045488611555
0.00035843461826713153
0.00019550979178207175
0.0004422245290308766
0.00017688981161235063
9.775489589103588e-05
0.00026067972237609567
0.0004422245290308766
0.0003677446083519921
0.0004096395637338646
8.844490580617531e-05
0.00013964985127290838
0.0003630896133095618
0.0003025746777579682
0.00026067972237609567
9.30999008486056e-05
0.00028860969263067737
0.00028860969263067737
0.0001582698314426295
0.00033981463809741044
0.0002560247273336654
0.0002839546975882471
3.723996033944224e-05
0.00024671473724880485
8.378991076374504e-05
0.00035377962322470126
0.00023740474716394427
0.00019550979178207175
0.0002048197818669323
0.000316539662885259
0.00026533471741852594
0.00040032957364900405
0.0002280947570790837
5.5859940509163356e-05
1.861998016972112e-05
1.861998016972112e-05
6.982492563645419e-05
0.0001861998016972112
0.00016292482648505978
0.00035843461826713153
0.00012102987110318727
0.0002839546975882471
0.0004422245290308766
4.189495538187252e-05
7.913491572131475e-05
6.516993059402392e-05
0.000116374876060757
0.00011171988101832671
0.00011171988101832671
4.65499504243028e-06
0.0001349948562304781
0.00022343976203665342
0.00019085479673964148
0.0003444696331398407
0.00012568486614561756
0.00019550979178207175
0.0002560247273336654
0.0001815448066547809
1.861998016972112e-05
0.00033515964305498016
0.000316539662885259
0.00033981463809741044
0.0003211946579276893
0.00030722967280039846
8.844490580617531e-05
0.00033515964305498016
0.0002699897124609562
0.00019550979178207175
0.00030722967280039846
0.000116374876060757
0.0003677446083519921
0.00019085479673964148
0.00010240989093346615
0.0002746447075033865
0.0001815448066547809
0.00040498456869143433
8.378991076374504e-05
0.00020016478682450203
0.000432914538946016
1.3964985127290839e-05
0.00021878476699422315
0.00044687952407330685
0.00012568486614561756
1.3964985127290839e-05
0.0004561895141581674
0.00040032957364900405
0.0003444696331398407
0.0001349948562304781
0.0003025746777579682
0.0002699897124609562
0.00041429455877629493
0.00044687952407330685
8.378991076374504e-05
0.0003211946579276893
8.844490580617531e-05
6.516993059402392e-05
0.00029326468767310764
0.0001815448066547809
0.0004608445092005977
0.00027929970254581677
8.844490580617531e-05
0.00020016478682450203
5.1204945466733075e-05
0.00019085479673964148
0.00040032957364900405
0.00016292482648505978
0.0002280947570790837
0.0001349948562304781
0.00015361483640019923
0.0003677446083519921
8.844490580617531e-05
0.00012102987110318727
0.00041429455877629493
0.00013033986118804784
2.32749752121514e-05
0.00021412977195179288
0.0003444696331398407
0.00030722967280039846
8.378991076374504e-05
0.00035843461826713153
0.000316539662885259
0.00013964985127290838
0.0004189495538187252
0.00035843461826713153
0.00038636458852171323
0.00027929970254581677
4.65499504243028e-06
0.0003723996033944224
0.0004561895141581674
0.000465499504243028
0.00014895984135776896
0.000316539662885259
0.00010706488597589644
0.0003211946579276893
0.0002048197818669323
0.00013964985127290838
2.32749752121514e-05
4.189495538187252e-05
6.051493555159364e-05
0.0001861998016972112
0.0004189495538187252
5.1204945466733075e-05
4.65499504243028e-06
0.00015361483640019923
0.0004375695339884463
0.00042825954390358575
1.3964985127290839e-05
0.00035377962322470126
1.861998016972112e-05
0.00024205974220637455
0.000232749752121514
6.516993059402392e-05
0.00032584965297011956
0.00040498456869143433
0.00021412977195179288
0.00024205974220637455
0.000349124628182271
0.0001582698314426295
0.0004189495538187252
0.0004608445092005977
4.189495538187252e-05
0.00012102987110318727
0.00014895984135776896
0.0004236045488611555
9.775489589103588e-05
0.00032584965297011956
0.0001815448066547809
0.00033515964305498016
8.844490580617531e-05
0.00016292482648505978
8.844490580617531e-05
0.00040498456869143433
0.00029326468767310764
5.1204945466733075e-05
0.00013033986118804784
1.3964985127290839e-05
0.00020016478682450203
3.258496529701196e-05
0.0003025746777579682
0.00022343976203665342
0.0004561895141581674
0.00019085479673964148
0.0001861998016972112
0.0004561895141581674
0.0002048197818669323
0.0002094747769093626
0.00024671473724880485
0.00016757982152749008
6.051493555159364e-05
0.0002048197818669323
0.0004561895141581674
0.00042825954390358575
0.00017688981161235063
0.00024671473724880485
0.00033515964305498016
0.000465499504243028
0.00030722967280039846
0.00013964985127290838
0.00035377962322470126
0.00021878476699422315
0.0001815448066547809
7.447992067888448e-05
0.000432914538946016
0.00024671473724880485
0.00041429455877629493
0.0004375695339884463
0.0003910195835641435
0.00032584965297011956
0.00033515964305498016
0.00014430484631533868
3.258496529701196e-05
1.861998016972112e-05
0.00032584965297011956
0.0004375695339884463
4.189495538187252e-05
0.00030722967280039846
0.0003910195835641435
0.0003723996033944224
0.00013033986118804784
0.00022343976203665342
0.00038636458852171323
0.00026533471741852594
0.0002513697322912351
0.00041429455877629493
0.0002094747769093626
0.000465499504243028
0.0001349948562304781
0.0001582698314426295
0.0003305046480125499
0.00042825954390358575
0.0003723996033944224
0.0004375695339884463
0.00028860969263067737
0.0003630896133095618
8.844490580617531e-05
0.0001815448066547809
0.00021878476699422315
0.00033981463809741044
0.00016292482648505978
0.0002048197818669323
0.0001582698314426295
4.189495538187252e-05
0.00021412977195179288
0.00021412977195179288
0.00028860969263067737
0.000232749752121514
0.00040498456869143433
0.00040498456869143433
0.0003305046480125499
0.0002839546975882471
0.00024671473724880485
0.0002048197818669323
0.000116374876060757
5.1204945466733075e-05
0.0002746447075033865
0.00038636458852171323
0.0004561895141581674
0.00033515964305498016
0.0003630896133095618
8.844490580617531e-05
0.00021412977195179288
0.00012568486614561756
6.982492563645419e-05
0.0001815448066547809
4.65499504243028e-06
0.00014895984135776896
0.0004096395637338646
0.00024205974220637455
0.0003444696331398407
0.00019550979178207175
0.0002094747769093626
0.00027929970254581677
0.00033981463809741044
0.00015361483640019923
0.00022343976203665342
0.0004422245290308766
3.258496529701196e-05
0.00014430484631533868
0.0002699897124609562
0.000349124628182271
0.0003305046480125499
0.00035377962322470126
0.0002280947570790837
0.00021878476699422315
0.00040032957364900405
0.00038636458852171323
0.00032584965297011956
0.0003444696331398407
0.00024205974220637455
5.1204945466733075e-05
0.000349124628182271
0.00031188466784282874
4.65499504243028e-05
0.00020016478682450203
0.00033515964305498016
0.00023740474716394427
9.775489589103588e-05
0.00042825954390358575
0.0003677446083519921
0.00011171988101832671
0.0002839546975882471
1.3964985127290839e-05
0.00041429455877629493
0.000232749752121514
0.0004096395637338646
0.0003677446083519921
0.0004236045488611555
0.00019550979178207175
7.447992067888448e-05
0.00010240989093346615
0.00024205974220637455
0.0004375695339884463
8.844490580617531e-05
0.00015361483640019923
0.0002094747769093626
0.000232749752121514
0.0003910195835641435
0.0003025746777579682
0.000349124628182271
0.0002699897124609562
0.00013964985127290838
0.00012102987110318727
0.0004189495538187252
4.189495538187252e-05
5.1204945466733075e-05
0.00021412977195179288
3.258496529701196e-05
9.30999008486056e-05
0.0003677446083519921
0.0001349948562304781
7.447992067888448e-05
3.723996033944224e-05
6.516993059402392e-05
0.00013964985127290838
0.000316539662885259
0.000465499504243028
0.00010706488597589644
0.00033981463809741044
0.0001582698314426295
1.3964985127290839e-05
6.982492563645419e-05
0.0003211946579276893
0.00023740474716394427
0.00040032957364900405
0.00011171988101832671
1.861998016972112e-05
0.00042825954390358575
6.051493555159364e-05
0.0004422245290308766
